 0  995 
 1  1021 
 2  0 
 3  0 
 4  0 
 5  0 
 6  0 
 7  0 
 8  0 
 9  0 
 10  0 
 11  0 
 12  0 
 13  0 
 14  0 
 15  0 
 16  0 
 17  0 
 18  0 
 19  0 
 20  0 
 21  0 
 22  0 
 23  0 
 24  0 
 25  0 
 26  0 
 27  0 
 28  0 
 29  0 
 30  0 
 31  0 
 32  0 
 33  0 
 34  0 
 35  0 
 36  0 
 37  0 
 38  0 
 39  0 
 40  0 
 41  0 
 42  0 
 43  0 
 44  0 
 45  0 
 46  0 
 47  0 
 48  0 
 49  0 
 50  0 
 51  0 
 52  0 
 53  0 
 54  0 
 55  0 
 56  0 
 57  0 
 58  0 
 59  0 
 60  0 
 61  0 
 62  0 
 63  0 
 64  0 
 65  0 
 66  0 
 67  0 
 68  0 
 69  0 
 70  0 
 71  0 
 72  0 
 73  0 
 74  0 
 75  0 
 76  0 
 77  0 
 78  0 
 79  0 
 80  0 
 81  0 
 82  0 
 83  0 
 84  0 
 85  0 
 86  0 
 87  0 
 88  0 
 89  0 
 90  0 
 91  0 
 92  0 
 93  0 
 94  0 
 95  0 
 96  0 
 97  0 
 98  0 
 99  0 
 100  0 
 101  0 
 102  0 
 103  0 
 104  0 
 105  0 
 106  0 
 107  0 
 108  0 
 109  0 
 110  0 
 111  0 
 112  0 
 113  0 
 114  0 
 115  0 
 116  0 
 117  0 
 118  0 
 119  0 
 120  0 
 121  0 
 122  0 
 123  0 
 124  0 
 125  0 
 126  0 
 127  0 
 128  0 
 129  0 
 130  0 
 131  0 
 132  0 
 133  0 
 134  0 
 135  0 
 136  0 
 137  0 
 138  0 
 139  0 
 140  0 
 141  0 
 142  0 
 143  0 
 144  0 
 145  0 
 146  0 
 147  0 
 148  0 
 149  0 
 150  0 
 151  0 
 152  0 
 153  0 
 154  0 
 155  0 
 156  0 
 157  0 
 158  0 
 159  0 
 160  0 
 161  0 
 162  0 
 163  0 
 164  0 
 165  0 
 166  0 
 167  0 
 168  0 
 169  0 
 170  0 
 171  0 
 172  0 
 173  0 
 174  0 
 175  0 
 176  0 
 177  0 
 178  0 
 179  0 
 180  0 
 181  0 
 182  0 
 183  0 
 184  0 
 185  0 
 186  0 
 187  0 
 188  0 
 189  0 
 190  0 
 191  0 
 192  0 
 193  0 
 194  0 
 195  0 
 196  0 
 197  0 
 198  0 
 199  0 
 200  0 
 201  0 
 202  0 
 203  0 
 204  0 
 205  0 
 206  0 
 207  0 
 208  0 
 209  0 
 210  0 
 211  0 
 212  0 
 213  0 
 214  0 
 215  0 
 216  0 
 217  0 
 218  0 
 219  0 
 220  0 
 221  0 
 222  0 
 223  0 
 224  0 
 225  0 
 226  0 
 227  0 
 228  0 
 229  0 
 230  0 
 231  0 
 232  0 
 233  0 
 234  0 
 235  0 
 236  0 
 237  0 
 238  0 
 239  0 
 240  0 
 241  0 
 242  0 
 243  0 
 244  0 
 245  0 
 246  0 
 247  0 
 248  0 
 249  1 
 250  0 
 251  0 
 252  22 
 253  46 
 254  46 
 255  42 
 256  45 
 257  41 
 258  42 
 259  45 
 260  30 
 261  31 
 262  47 
 263  45 
 264  39 
 265  36 
 266  41 
 267  35 
 268  34 
 269  30 
 270  32 
 271  29 
 272  28 
 273  21 
 274  35 
 275  43 
 276  32 
 277  37 
 278  21 
 279  26 
 280  36 
 281  23 
 282  25 
 283  26 
 284  30 
 285  36 
 286  30 
 287  26 
 288  24 
 289  28 
 290  24 
 291  32 
 292  31 
 293  29 
 294  29 
 295  23 
 296  23 
 297  23 
 298  27 
 299  19 
 300  18 
 301  36 
 302  26 
 303  23 
 304  22 
 305  15 
 306  20 
 307  23 
 308  21 
 309  14 
 310  17 
 311  31 
 312  20 
 313  20 
 314  25 
 315  14 
 316  21 
 317  20 
 318  17 
 319  24 
 320  22 
 321  19 
 322  19 
 323  18 
 324  19 
 325  24 
 326  23 
 327  22 
 328  12 
 329  23 
 330  21 
 331  24 
 332  15 
 333  21 
 334  26 
 335  12 
 336  18 
 337  20 
 338  27 
 339  14 
 340  15 
 341  12 
 342  13 
 343  25 
 344  22 
 345  26 
 346  13 
 347  16 
 348  9 
 349  9 
 350  29 
 351  25 
 352  22 
 353  18 
 354  16 
 355  12 
 356  22 
 357  22 
 358  14 
 359  29 
 360  16 
 361  17 
 362  21 
 363  12 
 364  20 
 365  29 
 366  13 
 367  12 
 368  19 
 369  14 
 370  12 
 371  20 
 372  23 
 373  25 
 374  29 
 375  15 
 376  23 
 377  27 
 378  13 
 379  20 
 380  17 
 381  29 
 382  26 
 383  20 
 384  19 
 385  11 
 386  24 
 387  16 
 388  5 
 389  16 
 390  22 
 391  16 
 392  22 
 393  24 
 394  19 
 395  13 
 396  24 
 397  18 
 398  29 
 399  22 
 400  24 
 401  21 
 402  22 
 403  20 
 404  23 
 405  14 
 406  25 
 407  19 
 408  22 
 409  23 
 410  23 
 411  26 
 412  28 
 413  25 
 414  27 
 415  29 
 416  34 
 417  23 
 418  33 
 419  29 
 420  23 
 421  24 
 422  35 
 423  36 
 424  42 
 425  22 
 426  35 
 427  25 
 428  41 
 429  29 
 430  34 
 431  37 
 432  36 
 433  42 
 434  43 
 435  40 
 436  42 
 437  41 
 438  49 
 439  44 
 440  56 
 441  44 
 442  56 
 443  64 
 444  60 
 445  67 
 446  73 
 447  74 
 448  59 
 449  68 
 450  72 
 451  73 
 452  65 
 453  77 
 454  76 
 455  75 
 456  74 
 457  84 
 458  103 
 459  86 
 460  95 
 461  101 
 462  86 
 463  115 
 464  101 
 465  104 
 466  129 
 467  118 
 468  114 
 469  119 
 470  106 
 471  132 
 472  127 
 473  122 
 474  125 
 475  114 
 476  159 
 477  120 
 478  145 
 479  152 
 480  144 
 481  139 
 482  155 
 483  140 
 484  156 
 485  149 
 486  155 
 487  167 
 488  160 
 489  145 
 490  144 
 491  162 
 492  155 
 493  136 
 494  154 
 495  134 
 496  135 
 497  150 
 498  138 
 499  139 
 500  161 
 501  143 
 502  141 
 503  140 
 504  145 
 505  146 
 506  132 
 507  118 
 508  136 
 509  125 
 510  129 
 511  121 
 512  103 
 513  113 
 514  123 
 515  104 
 516  94 
 517  94 
 518  105 
 519  100 
 520  107 
 521  85 
 522  81 
 523  88 
 524  93 
 525  85 
 526  73 
 527  81 
 528  73 
 529  79 
 530  61 
 531  59 
 532  64 
 533  52 
 534  60 
 535  64 
 536  38 
 537  50 
 538  56 
 539  55 
 540  57 
 541  33 
 542  43 
 543  37 
 544  28 
 545  33 
 546  33 
 547  29 
 548  24 
 549  31 
 550  27 
 551  26 
 552  25 
 553  21 
 554  28 
 555  18 
 556  26 
 557  24 
 558  20 
 559  18 
 560  20 
 561  14 
 562  14 
 563  20 
 564  18 
 565  20 
 566  19 
 567  11 
 568  12 
 569  19 
 570  10 
 571  14 
 572  18 
 573  8 
 574  16 
 575  7 
 576  15 
 577  11 
 578  14 
 579  18 
 580  11 
 581  8 
 582  9 
 583  18 
 584  15 
 585  11 
 586  6 
 587  12 
 588  15 
 589  13 
 590  14 
 591  12 
 592  13 
 593  9 
 594  11 
 595  11 
 596  7 
 597  14 
 598  8 
 599  9 
 600  16 
 601  8 
 602  13 
 603  11 
 604  9 
 605  7 
 606  12 
 607  11 
 608  11 
 609  9 
 610  10 
 611  16 
 612  11 
 613  16 
 614  9 
 615  6 
 616  12 
 617  9 
 618  8 
 619  11 
 620  7 
 621  9 
 622  11 
 623  12 
 624  15 
 625  11 
 626  14 
 627  14 
 628  11 
 629  8 
 630  9 
 631  9 
 632  15 
 633  10 
 634  7 
 635  8 
 636  10 
 637  9 
 638  7 
 639  8 
 640  17 
 641  14 
 642  9 
 643  6 
 644  9 
 645  10 
 646  8 
 647  7 
 648  8 
 649  9 
 650  7 
 651  18 
 652  9 
 653  15 
 654  11 
 655  11 
 656  6 
 657  8 
 658  10 
 659  9 
 660  11 
 661  4 
 662  6 
 663  4 
 664  8 
 665  4 
 666  14 
 667  12 
 668  9 
 669  7 
 670  8 
 671  11 
 672  9 
 673  7 
 674  9 
 675  8 
 676  10 
 677  9 
 678  10 
 679  9 
 680  6 
 681  9 
 682  10 
 683  7 
 684  9 
 685  9 
 686  6 
 687  9 
 688  12 
 689  8 
 690  8 
 691  11 
 692  3 
 693  8 
 694  9 
 695  8 
 696  8 
 697  8 
 698  11 
 699  9 
 700  9 
 701  10 
 702  7 
 703  5 
 704  6 
 705  7 
 706  15 
 707  11 
 708  9 
 709  7 
 710  8 
 711  8 
 712  4 
 713  10 
 714  10 
 715  6 
 716  14 
 717  4 
 718  11 
 719  19 
 720  11 
 721  14 
 722  10 
 723  14 
 724  9 
 725  8 
 726  12 
 727  9 
 728  6 
 729  10 
 730  4 
 731  5 
 732  6 
 733  6 
 734  4 
 735  7 
 736  7 
 737  3 
 738  7 
 739  7 
 740  8 
 741  8 
 742  6 
 743  8 
 744  8 
 745  8 
 746  8 
 747  5 
 748  11 
 749  11 
 750  4 
 751  13 
 752  9 
 753  11 
 754  8 
 755  11 
 756  15 
 757  9 
 758  13 
 759  7 
 760  9 
 761  8 
 762  7 
 763  9 
 764  13 
 765  5 
 766  8 
 767  10 
 768  11 
 769  4 
 770  9 
 771  9 
 772  10 
 773  8 
 774  6 
 775  8 
 776  9 
 777  7 
 778  12 
 779  5 
 780  9 
 781  5 
 782  7 
 783  9 
 784  5 
 785  7 
 786  12 
 787  5 
 788  6 
 789  8 
 790  12 
 791  10 
 792  6 
 793  4 
 794  5 
 795  11 
 796  7 
 797  8 
 798  15 
 799  6 
 800  4 
 801  10 
 802  14 
 803  9 
 804  7 
 805  7 
 806  7 
 807  14 
 808  10 
 809  8 
 810  6 
 811  6 
 812  20 
 813  10 
 814  9 
 815  8 
 816  9 
 817  10 
 818  11 
 819  9 
 820  5 
 821  7 
 822  8 
 823  14 
 824  13 
 825  10 
 826  16 
 827  8 
 828  8 
 829  11 
 830  9 
 831  6 
 832  13 
 833  7 
 834  7 
 835  7 
 836  3 
 837  6 
 838  6 
 839  13 
 840  5 
 841  5 
 842  7 
 843  10 
 844  4 
 845  8 
 846  7 
 847  11 
 848  11 
 849  10 
 850  9 
 851  12 
 852  11 
 853  4 
 854  14 
 855  6 
 856  11 
 857  10 
 858  7 
 859  11 
 860  11 
 861  8 
 862  9 
 863  9 
 864  4 
 865  12 
 866  7 
 867  9 
 868  8 
 869  7 
 870  12 
 871  8 
 872  5 
 873  8 
 874  7 
 875  5 
 876  11 
 877  10 
 878  8 
 879  9 
 880  11 
 881  3 
 882  8 
 883  11 
 884  11 
 885  9 
 886  6 
 887  6 
 888  9 
 889  7 
 890  5 
 891  7 
 892  6 
 893  4 
 894  9 
 895  8 
 896  8 
 897  9 
 898  7 
 899  9 
 900  2 
 901  7 
 902  12 
 903  9 
 904  10 
 905  7 
 906  9 
 907  9 
 908  8 
 909  8 
 910  11 
 911  9 
 912  5 
 913  5 
 914  5 
 915  13 
 916  8 
 917  12 
 918  9 
 919  7 
 920  11 
 921  6 
 922  8 
 923  7 
 924  9 
 925  5 
 926  14 
 927  7 
 928  6 
 929  7 
 930  4 
 931  3 
 932  11 
 933  9 
 934  8 
 935  9 
 936  7 
 937  6 
 938  12 
 939  12 
 940  10 
 941  10 
 942  9 
 943  4 
 944  5 
 945  10 
 946  5 
 947  8 
 948  7 
 949  6 
 950  7 
 951  9 
 952  5 
 953  11 
 954  8 
 955  8 
 956  8 
 957  9 
 958  7 
 959  15 
 960  6 
 961  10 
 962  9 
 963  5 
 964  13 
 965  6 
 966  6 
 967  12 
 968  4 
 969  7 
 970  12 
 971  13 
 972  5 
 973  5 
 974  7 
 975  6 
 976  6 
 977  8 
 978  8 
 979  4 
 980  13 
 981  8 
 982  7 
 983  10 
 984  8 
 985  8 
 986  4 
 987  5 
 988  7 
 989  8 
 990  10 
 991  9 
 992  11 
 993  11 
 994  6 
 995  6 
 996  13 
 997  9 
 998  8 
 999  6 
 1000  6 
 1001  3 
 1002  7 
 1003  9 
 1004  15 
 1005  15 
 1006  7 
 1007  11 
 1008  15 
 1009  10 
 1010  5 
 1011  10 
 1012  11 
 1013  7 
 1014  9 
 1015  7 
 1016  11 
 1017  5 
 1018  11 
 1019  8 
 1020  7 
 1021  3 
 1022  10 
 1023  8 
 1024  10 
 1025  6 
 1026  12 
 1027  9 
 1028  7 
 1029  12 
 1030  9 
 1031  5 
 1032  7 
 1033  4 
 1034  8 
 1035  10 
 1036  10 
 1037  14 
 1038  14 
 1039  7 
 1040  4 
 1041  10 
 1042  5 
 1043  10 
 1044  5 
 1045  2 
 1046  11 
 1047  9 
 1048  4 
 1049  10 
 1050  6 
 1051  14 
 1052  6 
 1053  4 
 1054  8 
 1055  10 
 1056  5 
 1057  15 
 1058  8 
 1059  13 
 1060  15 
 1061  4 
 1062  8 
 1063  11 
 1064  6 
 1065  6 
 1066  11 
 1067  6 
 1068  10 
 1069  12 
 1070  5 
 1071  8 
 1072  7 
 1073  6 
 1074  6 
 1075  7 
 1076  10 
 1077  4 
 1078  6 
 1079  7 
 1080  9 
 1081  6 
 1082  12 
 1083  13 
 1084  7 
 1085  11 
 1086  8 
 1087  3 
 1088  10 
 1089  6 
 1090  8 
 1091  13 
 1092  6 
 1093  7 
 1094  7 
 1095  6 
 1096  9 
 1097  6 
 1098  7 
 1099  8 
 1100  3 
 1101  6 
 1102  6 
 1103  8 
 1104  5 
 1105  10 
 1106  7 
 1107  6 
 1108  7 
 1109  12 
 1110  13 
 1111  9 
 1112  6 
 1113  6 
 1114  6 
 1115  8 
 1116  10 
 1117  6 
 1118  8 
 1119  10 
 1120  10 
 1121  13 
 1122  8 
 1123  7 
 1124  12 
 1125  7 
 1126  7 
 1127  11 
 1128  5 
 1129  11 
 1130  14 
 1131  7 
 1132  7 
 1133  10 
 1134  9 
 1135  6 
 1136  12 
 1137  9 
 1138  10 
 1139  7 
 1140  12 
 1141  6 
 1142  7 
 1143  6 
 1144  9 
 1145  9 
 1146  9 
 1147  10 
 1148  8 
 1149  11 
 1150  8 
 1151  6 
 1152  8 
 1153  8 
 1154  12 
 1155  8 
 1156  14 
 1157  7 
 1158  10 
 1159  4 
 1160  4 
 1161  10 
 1162  2 
 1163  11 
 1164  10 
 1165  9 
 1166  6 
 1167  9 
 1168  8 
 1169  4 
 1170  8 
 1171  11 
 1172  6 
 1173  3 
 1174  7 
 1175  8 
 1176  8 
 1177  8 
 1178  7 
 1179  9 
 1180  8 
 1181  13 
 1182  9 
 1183  7 
 1184  10 
 1185  13 
 1186  9 
 1187  10 
 1188  8 
 1189  6 
 1190  11 
 1191  5 
 1192  12 
 1193  17 
 1194  10 
 1195  8 
 1196  10 
 1197  9 
 1198  8 
 1199  7 
 1200  6 
 1201  5 
 1202  7 
 1203  6 
 1204  8 
 1205  6 
 1206  7 
 1207  12 
 1208  5 
 1209  6 
 1210  12 
 1211  8 
 1212  7 
 1213  3 
 1214  5 
 1215  7 
 1216  10 
 1217  10 
 1218  12 
 1219  7 
 1220  5 
 1221  5 
 1222  6 
 1223  11 
 1224  10 
 1225  6 
 1226  5 
 1227  10 
 1228  7 
 1229  7 
 1230  9 
 1231  9 
 1232  8 
 1233  3 
 1234  10 
 1235  6 
 1236  6 
 1237  2 
 1238  8 
 1239  4 
 1240  8 
 1241  9 
 1242  10 
 1243  8 
 1244  8 
 1245  5 
 1246  10 
 1247  6 
 1248  13 
 1249  4 
 1250  15 
 1251  4 
 1252  9 
 1253  12 
 1254  13 
 1255  5 
 1256  8 
 1257  5 
 1258  8 
 1259  4 
 1260  8 
 1261  11 
 1262  9 
 1263  9 
 1264  9 
 1265  17 
 1266  6 
 1267  6 
 1268  8 
 1269  11 
 1270  7 
 1271  8 
 1272  4 
 1273  5 
 1274  13 
 1275  6 
 1276  9 
 1277  6 
 1278  11 
 1279  8 
 1280  6 
 1281  13 
 1282  13 
 1283  7 
 1284  7 
 1285  7 
 1286  10 
 1287  9 
 1288  7 
 1289  16 
 1290  9 
 1291  7 
 1292  11 
 1293  11 
 1294  9 
 1295  9 
 1296  10 
 1297  11 
 1298  6 
 1299  5 
 1300  7 
 1301  5 
 1302  8 
 1303  10 
 1304  12 
 1305  9 
 1306  12 
 1307  6 
 1308  9 
 1309  7 
 1310  7 
 1311  8 
 1312  6 
 1313  10 
 1314  8 
 1315  2 
 1316  7 
 1317  5 
 1318  9 
 1319  10 
 1320  12 
 1321  9 
 1322  9 
 1323  13 
 1324  11 
 1325  6 
 1326  4 
 1327  6 
 1328  4 
 1329  9 
 1330  13 
 1331  9 
 1332  6 
 1333  10 
 1334  4 
 1335  8 
 1336  8 
 1337  13 
 1338  5 
 1339  7 
 1340  8 
 1341  10 
 1342  11 
 1343  6 
 1344  9 
 1345  10 
 1346  7 
 1347  8 
 1348  6 
 1349  8 
 1350  8 
 1351  7 
 1352  11 
 1353  7 
 1354  9 
 1355  7 
 1356  7 
 1357  7 
 1358  9 
 1359  12 
 1360  8 
 1361  15 
 1362  10 
 1363  10 
 1364  9 
 1365  12 
 1366  6 
 1367  4 
 1368  12 
 1369  11 
 1370  11 
 1371  10 
 1372  4 
 1373  12 
 1374  2 
 1375  12 
 1376  10 
 1377  9 
 1378  10 
 1379  12 
 1380  6 
 1381  11 
 1382  5 
 1383  6 
 1384  11 
 1385  8 
 1386  10 
 1387  8 
 1388  7 
 1389  8 
 1390  5 
 1391  9 
 1392  9 
 1393  13 
 1394  13 
 1395  4 
 1396  5 
 1397  7 
 1398  7 
 1399  9 
 1400  5 
 1401  8 
 1402  7 
 1403  8 
 1404  12 
 1405  10 
 1406  12 
 1407  7 
 1408  7 
 1409  8 
 1410  6 
 1411  10 
 1412  7 
 1413  7 
 1414  12 
 1415  5 
 1416  7 
 1417  12 
 1418  6 
 1419  6 
 1420  8 
 1421  11 
 1422  15 
 1423  11 
 1424  12 
 1425  8 
 1426  9 
 1427  10 
 1428  12 
 1429  5 
 1430  10 
 1431  9 
 1432  10 
 1433  11 
 1434  7 
 1435  12 
 1436  10 
 1437  16 
 1438  8 
 1439  4 
 1440  8 
 1441  7 
 1442  12 
 1443  7 
 1444  9 
 1445  11 
 1446  6 
 1447  7 
 1448  11 
 1449  7 
 1450  5 
 1451  12 
 1452  11 
 1453  5 
 1454  9 
 1455  14 
 1456  4 
 1457  9 
 1458  7 
 1459  4 
 1460  5 
 1461  11 
 1462  8 
 1463  18 
 1464  13 
 1465  11 
 1466  7 
 1467  10 
 1468  7 
 1469  11 
 1470  2 
 1471  6 
 1472  4 
 1473  11 
 1474  11 
 1475  4 
 1476  10 
 1477  8 
 1478  11 
 1479  8 
 1480  15 
 1481  12 
 1482  7 
 1483  6 
 1484  15 
 1485  14 
 1486  11 
 1487  8 
 1488  10 
 1489  9 
 1490  10 
 1491  10 
 1492  7 
 1493  9 
 1494  10 
 1495  17 
 1496  8 
 1497  9 
 1498  7 
 1499  11 
 1500  9 
 1501  15 
 1502  5 
 1503  9 
 1504  16 
 1505  14 
 1506  13 
 1507  8 
 1508  6 
 1509  11 
 1510  9 
 1511  14 
 1512  7 
 1513  12 
 1514  9 
 1515  11 
 1516  10 
 1517  7 
 1518  6 
 1519  5 
 1520  5 
 1521  9 
 1522  6 
 1523  9 
 1524  12 
 1525  12 
 1526  11 
 1527  8 
 1528  9 
 1529  9 
 1530  8 
 1531  7 
 1532  14 
 1533  7 
 1534  5 
 1535  9 
 1536  15 
 1537  11 
 1538  7 
 1539  15 
 1540  7 
 1541  6 
 1542  11 
 1543  6 
 1544  7 
 1545  10 
 1546  6 
 1547  10 
 1548  8 
 1549  3 
 1550  11 
 1551  9 
 1552  13 
 1553  7 
 1554  8 
 1555  14 
 1556  6 
 1557  18 
 1558  13 
 1559  9 
 1560  8 
 1561  10 
 1562  5 
 1563  12 
 1564  4 
 1565  7 
 1566  7 
 1567  8 
 1568  10 
 1569  10 
 1570  7 
 1571  4 
 1572  10 
 1573  5 
 1574  7 
 1575  8 
 1576  11 
 1577  11 
 1578  5 
 1579  11 
 1580  23 
 1581  10 
 1582  9 
 1583  13 
 1584  9 
 1585  16 
 1586  7 
 1587  11 
 1588  5 
 1589  7 
 1590  4 
 1591  12 
 1592  14 
 1593  9 
 1594  8 
 1595  7 
 1596  7 
 1597  9 
 1598  11 
 1599  9 
 1600  11 
 1601  9 
 1602  8 
 1603  10 
 1604  7 
 1605  13 
 1606  10 
 1607  12 
 1608  11 
 1609  8 
 1610  8 
 1611  9 
 1612  13 
 1613  10 
 1614  12 
 1615  12 
 1616  12 
 1617  11 
 1618  8 
 1619  17 
 1620  10 
 1621  8 
 1622  11 
 1623  10 
 1624  9 
 1625  13 
 1626  5 
 1627  11 
 1628  7 
 1629  5 
 1630  4 
 1631  7 
 1632  5 
 1633  8 
 1634  2 
 1635  11 
 1636  15 
 1637  9 
 1638  9 
 1639  8 
 1640  7 
 1641  3 
 1642  8 
 1643  8 
 1644  10 
 1645  7 
 1646  6 
 1647  5 
 1648  11 
 1649  11 
 1650  6 
 1651  8 
 1652  8 
 1653  9 
 1654  9 
 1655  8 
 1656  8 
 1657  13 
 1658  7 
 1659  7 
 1660  15 
 1661  11 
 1662  12 
 1663  12 
 1664  9 
 1665  13 
 1666  9 
 1667  11 
 1668  5 
 1669  13 
 1670  15 
 1671  6 
 1672  6 
 1673  10 
 1674  19 
 1675  10 
 1676  10 
 1677  16 
 1678  8 
 1679  8 
 1680  6 
 1681  7 
 1682  11 
 1683  16 
 1684  10 
 1685  12 
 1686  11 
 1687  12 
 1688  12 
 1689  12 
 1690  8 
 1691  9 
 1692  5 
 1693  9 
 1694  10 
 1695  9 
 1696  8 
 1697  10 
 1698  11 
 1699  13 
 1700  18 
 1701  8 
 1702  10 
 1703  12 
 1704  11 
 1705  13 
 1706  4 
 1707  13 
 1708  10 
 1709  10 
 1710  6 
 1711  11 
 1712  10 
 1713  12 
 1714  8 
 1715  13 
 1716  13 
 1717  8 
 1718  11 
 1719  8 
 1720  11 
 1721  10 
 1722  8 
 1723  13 
 1724  10 
 1725  13 
 1726  5 
 1727  5 
 1728  10 
 1729  13 
 1730  14 
 1731  12 
 1732  8 
 1733  18 
 1734  12 
 1735  9 
 1736  12 
 1737  10 
 1738  13 
 1739  7 
 1740  9 
 1741  14 
 1742  13 
 1743  22 
 1744  12 
 1745  15 
 1746  7 
 1747  18 
 1748  12 
 1749  9 
 1750  12 
 1751  9 
 1752  12 
 1753  8 
 1754  10 
 1755  15 
 1756  9 
 1757  13 
 1758  12 
 1759  8 
 1760  10 
 1761  16 
 1762  7 
 1763  11 
 1764  10 
 1765  12 
 1766  12 
 1767  7 
 1768  6 
 1769  9 
 1770  15 
 1771  10 
 1772  11 
 1773  9 
 1774  12 
 1775  12 
 1776  12 
 1777  11 
 1778  9 
 1779  12 
 1780  11 
 1781  7 
 1782  13 
 1783  7 
 1784  18 
 1785  5 
 1786  5 
 1787  12 
 1788  7 
 1789  13 
 1790  13 
 1791  8 
 1792  9 
 1793  10 
 1794  8 
 1795  14 
 1796  6 
 1797  6 
 1798  18 
 1799  10 
 1800  16 
 1801  17 
 1802  11 
 1803  13 
 1804  14 
 1805  9 
 1806  8 
 1807  12 
 1808  4 
 1809  13 
 1810  9 
 1811  5 
 1812  7 
 1813  12 
 1814  12 
 1815  9 
 1816  12 
 1817  10 
 1818  16 
 1819  10 
 1820  14 
 1821  13 
 1822  14 
 1823  14 
 1824  7 
 1825  13 
 1826  14 
 1827  16 
 1828  7 
 1829  5 
 1830  8 
 1831  9 
 1832  14 
 1833  13 
 1834  13 
 1835  19 
 1836  10 
 1837  15 
 1838  13 
 1839  15 
 1840  9 
 1841  20 
 1842  14 
 1843  9 
 1844  15 
 1845  17 
 1846  8 
 1847  8 
 1848  9 
 1849  9 
 1850  10 
 1851  13 
 1852  12 
 1853  6 
 1854  13 
 1855  16 
 1856  6 
 1857  11 
 1858  8 
 1859  10 
 1860  13 
 1861  11 
 1862  7 
 1863  11 
 1864  10 
 1865  16 
 1866  7 
 1867  9 
 1868  6 
 1869  6 
 1870  8 
 1871  11 
 1872  12 
 1873  11 
 1874  12 
 1875  21 
 1876  10 
 1877  11 
 1878  7 
 1879  7 
 1880  7 
 1881  9 
 1882  18 
 1883  12 
 1884  11 
 1885  9 
 1886  7 
 1887  10 
 1888  11 
 1889  11 
 1890  18 
 1891  11 
 1892  13 
 1893  7 
 1894  9 
 1895  12 
 1896  16 
 1897  8 
 1898  7 
 1899  11 
 1900  13 
 1901  13 
 1902  9 
 1903  8 
 1904  10 
 1905  10 
 1906  12 
 1907  10 
 1908  8 
 1909  8 
 1910  10 
 1911  6 
 1912  16 
 1913  18 
 1914  16 
 1915  12 
 1916  7 
 1917  9 
 1918  9 
 1919  12 
 1920  12 
 1921  10 
 1922  11 
 1923  9 
 1924  6 
 1925  16 
 1926  15 
 1927  10 
 1928  7 
 1929  16 
 1930  6 
 1931  14 
 1932  8 
 1933  15 
 1934  8 
 1935  11 
 1936  10 
 1937  17 
 1938  10 
 1939  9 
 1940  12 
 1941  10 
 1942  12 
 1943  8 
 1944  9 
 1945  14 
 1946  11 
 1947  4 
 1948  11 
 1949  10 
 1950  8 
 1951  14 
 1952  7 
 1953  4 
 1954  15 
 1955  12 
 1956  11 
 1957  9 
 1958  15 
 1959  15 
 1960  9 
 1961  8 
 1962  14 
 1963  5 
 1964  9 
 1965  9 
 1966  8 
 1967  6 
 1968  14 
 1969  10 
 1970  12 
 1971  12 
 1972  13 
 1973  5 
 1974  6 
 1975  12 
 1976  12 
 1977  12 
 1978  13 
 1979  13 
 1980  13 
 1981  12 
 1982  9 
 1983  10 
 1984  8 
 1985  8 
 1986  8 
 1987  14 
 1988  9 
 1989  12 
 1990  12 
 1991  6 
 1992  7 
 1993  6 
 1994  9 
 1995  11 
 1996  11 
 1997  8 
 1998  8 
 1999  14 
 2000  11 
 2001  11 
 2002  6 
 2003  4 
 2004  8 
 2005  11 
 2006  15 
 2007  7 
 2008  8 
 2009  11 
 2010  9 
 2011  10 
 2012  12 
 2013  4 
 2014  10 
 2015  11 
 2016  6 
 2017  9 
 2018  8 
 2019  12 
 2020  15 
 2021  14 
 2022  12 
 2023  15 
 2024  9 
 2025  6 
 2026  9 
 2027  11 
 2028  16 
 2029  8 
 2030  11 
 2031  13 
 2032  5 
 2033  17 
 2034  13 
 2035  12 
 2036  11 
 2037  16 
 2038  19 
 2039  7 
 2040  11 
 2041  10 
 2042  8 
 2043  14 
 2044  16 
 2045  9 
 2046  10 
 2047  15 
 2048  14 
 2049  10 
 2050  13 
 2051  12 
 2052  7 
 2053  8 
 2054  13 
 2055  15 
 2056  11 
 2057  14 
 2058  15 
 2059  6 
 2060  11 
 2061  13 
 2062  12 
 2063  12 
 2064  18 
 2065  16 
 2066  11 
 2067  13 
 2068  12 
 2069  10 
 2070  7 
 2071  4 
 2072  14 
 2073  19 
 2074  13 
 2075  11 
 2076  7 
 2077  11 
 2078  15 
 2079  11 
 2080  17 
 2081  13 
 2082  10 
 2083  10 
 2084  10 
 2085  6 
 2086  11 
 2087  16 
 2088  8 
 2089  10 
 2090  14 
 2091  10 
 2092  18 
 2093  10 
 2094  14 
 2095  15 
 2096  10 
 2097  13 
 2098  8 
 2099  14 
 2100  9 
 2101  3 
 2102  13 
 2103  19 
 2104  16 
 2105  14 
 2106  13 
 2107  7 
 2108  15 
 2109  14 
 2110  14 
 2111  13 
 2112  7 
 2113  10 
 2114  12 
 2115  24 
 2116  12 
 2117  11 
 2118  13 
 2119  11 
 2120  10 
 2121  12 
 2122  10 
 2123  15 
 2124  9 
 2125  9 
 2126  21 
 2127  17 
 2128  15 
 2129  11 
 2130  11 
 2131  11 
 2132  14 
 2133  14 
 2134  9 
 2135  11 
 2136  8 
 2137  8 
 2138  9 
 2139  8 
 2140  18 
 2141  11 
 2142  16 
 2143  5 
 2144  14 
 2145  11 
 2146  11 
 2147  13 
 2148  11 
 2149  10 
 2150  10 
 2151  15 
 2152  10 
 2153  18 
 2154  15 
 2155  16 
 2156  11 
 2157  12 
 2158  11 
 2159  8 
 2160  12 
 2161  15 
 2162  13 
 2163  15 
 2164  12 
 2165  14 
 2166  16 
 2167  10 
 2168  8 
 2169  19 
 2170  9 
 2171  9 
 2172  10 
 2173  19 
 2174  17 
 2175  10 
 2176  14 
 2177  10 
 2178  12 
 2179  11 
 2180  11 
 2181  18 
 2182  12 
 2183  16 
 2184  13 
 2185  11 
 2186  11 
 2187  14 
 2188  13 
 2189  5 
 2190  7 
 2191  10 
 2192  7 
 2193  16 
 2194  9 
 2195  10 
 2196  14 
 2197  12 
 2198  14 
 2199  16 
 2200  14 
 2201  10 
 2202  10 
 2203  10 
 2204  8 
 2205  11 
 2206  11 
 2207  16 
 2208  15 
 2209  14 
 2210  5 
 2211  11 
 2212  9 
 2213  8 
 2214  19 
 2215  12 
 2216  10 
 2217  13 
 2218  12 
 2219  11 
 2220  7 
 2221  15 
 2222  15 
 2223  12 
 2224  18 
 2225  11 
 2226  12 
 2227  12 
 2228  14 
 2229  17 
 2230  13 
 2231  14 
 2232  15 
 2233  15 
 2234  15 
 2235  5 
 2236  12 
 2237  6 
 2238  11 
 2239  16 
 2240  17 
 2241  14 
 2242  18 
 2243  11 
 2244  12 
 2245  13 
 2246  14 
 2247  13 
 2248  14 
 2249  13 
 2250  19 
 2251  10 
 2252  18 
 2253  9 
 2254  10 
 2255  10 
 2256  13 
 2257  10 
 2258  9 
 2259  9 
 2260  14 
 2261  11 
 2262  16 
 2263  13 
 2264  18 
 2265  15 
 2266  11 
 2267  15 
 2268  19 
 2269  12 
 2270  18 
 2271  19 
 2272  16 
 2273  11 
 2274  17 
 2275  14 
 2276  6 
 2277  12 
 2278  15 
 2279  13 
 2280  11 
 2281  10 
 2282  14 
 2283  6 
 2284  12 
 2285  9 
 2286  14 
 2287  15 
 2288  9 
 2289  15 
 2290  20 
 2291  15 
 2292  7 
 2293  18 
 2294  13 
 2295  11 
 2296  15 
 2297  13 
 2298  11 
 2299  9 
 2300  14 
 2301  10 
 2302  18 
 2303  8 
 2304  20 
 2305  10 
 2306  13 
 2307  18 
 2308  9 
 2309  15 
 2310  17 
 2311  10 
 2312  15 
 2313  17 
 2314  14 
 2315  22 
 2316  12 
 2317  10 
 2318  8 
 2319  18 
 2320  10 
 2321  11 
 2322  15 
 2323  17 
 2324  12 
 2325  13 
 2326  18 
 2327  9 
 2328  12 
 2329  13 
 2330  14 
 2331  13 
 2332  19 
 2333  10 
 2334  9 
 2335  9 
 2336  11 
 2337  11 
 2338  10 
 2339  8 
 2340  12 
 2341  22 
 2342  10 
 2343  20 
 2344  17 
 2345  20 
 2346  16 
 2347  10 
 2348  8 
 2349  14 
 2350  18 
 2351  12 
 2352  15 
 2353  15 
 2354  15 
 2355  12 
 2356  14 
 2357  12 
 2358  13 
 2359  13 
 2360  15 
 2361  16 
 2362  15 
 2363  22 
 2364  15 
 2365  15 
 2366  13 
 2367  13 
 2368  10 
 2369  19 
 2370  12 
 2371  14 
 2372  12 
 2373  11 
 2374  11 
 2375  18 
 2376  16 
 2377  19 
 2378  6 
 2379  9 
 2380  18 
 2381  19 
 2382  17 
 2383  15 
 2384  12 
 2385  13 
 2386  10 
 2387  14 
 2388  16 
 2389  22 
 2390  14 
 2391  13 
 2392  13 
 2393  5 
 2394  6 
 2395  14 
 2396  14 
 2397  13 
 2398  12 
 2399  17 
 2400  11 
 2401  16 
 2402  8 
 2403  14 
 2404  16 
 2405  12 
 2406  15 
 2407  19 
 2408  11 
 2409  14 
 2410  10 
 2411  18 
 2412  6 
 2413  6 
 2414  15 
 2415  12 
 2416  21 
 2417  19 
 2418  19 
 2419  18 
 2420  8 
 2421  16 
 2422  13 
 2423  14 
 2424  14 
 2425  18 
 2426  23 
 2427  19 
 2428  6 
 2429  12 
 2430  11 
 2431  10 
 2432  13 
 2433  15 
 2434  9 
 2435  16 
 2436  10 
 2437  10 
 2438  11 
 2439  12 
 2440  17 
 2441  11 
 2442  13 
 2443  14 
 2444  12 
 2445  7 
 2446  14 
 2447  6 
 2448  14 
 2449  11 
 2450  21 
 2451  17 
 2452  22 
 2453  14 
 2454  20 
 2455  10 
 2456  24 
 2457  14 
 2458  17 
 2459  16 
 2460  12 
 2461  18 
 2462  17 
 2463  15 
 2464  12 
 2465  19 
 2466  13 
 2467  18 
 2468  8 
 2469  10 
 2470  6 
 2471  16 
 2472  23 
 2473  12 
 2474  19 
 2475  16 
 2476  16 
 2477  11 
 2478  11 
 2479  13 
 2480  15 
 2481  22 
 2482  12 
 2483  18 
 2484  11 
 2485  19 
 2486  19 
 2487  22 
 2488  17 
 2489  16 
 2490  13 
 2491  13 
 2492  14 
 2493  11 
 2494  12 
 2495  27 
 2496  15 
 2497  11 
 2498  13 
 2499  12 
 2500  15 
 2501  12 
 2502  16 
 2503  12 
 2504  18 
 2505  19 
 2506  20 
 2507  23 
 2508  19 
 2509  10 
 2510  10 
 2511  16 
 2512  10 
 2513  12 
 2514  13 
 2515  13 
 2516  12 
 2517  15 
 2518  12 
 2519  13 
 2520  21 
 2521  20 
 2522  14 
 2523  19 
 2524  17 
 2525  17 
 2526  14 
 2527  17 
 2528  16 
 2529  12 
 2530  9 
 2531  20 
 2532  16 
 2533  28 
 2534  23 
 2535  16 
 2536  22 
 2537  21 
 2538  14 
 2539  8 
 2540  19 
 2541  15 
 2542  18 
 2543  24 
 2544  16 
 2545  16 
 2546  11 
 2547  17 
 2548  17 
 2549  22 
 2550  14 
 2551  21 
 2552  19 
 2553  22 
 2554  14 
 2555  13 
 2556  22 
 2557  14 
 2558  18 
 2559  21 
 2560  17 
 2561  22 
 2562  12 
 2563  22 
 2564  17 
 2565  17 
 2566  18 
 2567  17 
 2568  17 
 2569  20 
 2570  14 
 2571  18 
 2572  8 
 2573  23 
 2574  17 
 2575  14 
 2576  19 
 2577  20 
 2578  22 
 2579  16 
 2580  21 
 2581  30 
 2582  18 
 2583  17 
 2584  22 
 2585  16 
 2586  18 
 2587  23 
 2588  14 
 2589  15 
 2590  20 
 2591  19 
 2592  25 
 2593  25 
 2594  19 
 2595  21 
 2596  23 
 2597  22 
 2598  24 
 2599  21 
 2600  27 
 2601  18 
 2602  20 
 2603  18 
 2604  16 
 2605  25 
 2606  31 
 2607  27 
 2608  25 
 2609  29 
 2610  25 
 2611  17 
 2612  17 
 2613  21 
 2614  23 
 2615  23 
 2616  30 
 2617  23 
 2618  29 
 2619  29 
 2620  23 
 2621  26 
 2622  18 
 2623  26 
 2624  20 
 2625  28 
 2626  22 
 2627  29 
 2628  30 
 2629  19 
 2630  29 
 2631  29 
 2632  29 
 2633  27 
 2634  31 
 2635  37 
 2636  22 
 2637  46 
 2638  22 
 2639  26 
 2640  31 
 2641  28 
 2642  19 
 2643  30 
 2644  30 
 2645  33 
 2646  31 
 2647  32 
 2648  36 
 2649  25 
 2650  29 
 2651  31 
 2652  35 
 2653  26 
 2654  37 
 2655  30 
 2656  36 
 2657  38 
 2658  33 
 2659  28 
 2660  27 
 2661  46 
 2662  38 
 2663  36 
 2664  29 
 2665  23 
 2666  40 
 2667  30 
 2668  45 
 2669  40 
 2670  43 
 2671  46 
 2672  28 
 2673  40 
 2674  29 
 2675  47 
 2676  36 
 2677  33 
 2678  37 
 2679  34 
 2680  39 
 2681  52 
 2682  41 
 2683  47 
 2684  49 
 2685  33 
 2686  46 
 2687  41 
 2688  42 
 2689  44 
 2690  48 
 2691  53 
 2692  58 
 2693  54 
 2694  47 
 2695  65 
 2696  44 
 2697  60 
 2698  55 
 2699  43 
 2700  53 
 2701  69 
 2702  58 
 2703  52 
 2704  48 
 2705  53 
 2706  53 
 2707  60 
 2708  62 
 2709  47 
 2710  58 
 2711  57 
 2712  63 
 2713  64 
 2714  64 
 2715  56 
 2716  62 
 2717  57 
 2718  58 
 2719  65 
 2720  56 
 2721  74 
 2722  45 
 2723  58 
 2724  55 
 2725  37 
 2726  51 
 2727  60 
 2728  53 
 2729  61 
 2730  39 
 2731  47 
 2732  37 
 2733  38 
 2734  44 
 2735  35 
 2736  31 
 2737  46 
 2738  32 
 2739  35 
 2740  37 
 2741  37 
 2742  45 
 2743  39 
 2744  44 
 2745  36 
 2746  33 
 2747  31 
 2748  25 
 2749  29 
 2750  26 
 2751  25 
 2752  22 
 2753  23 
 2754  24 
 2755  24 
 2756  28 
 2757  22 
 2758  21 
 2759  19 
 2760  27 
 2761  22 
 2762  20 
 2763  24 
 2764  26 
 2765  11 
 2766  24 
 2767  19 
 2768  16 
 2769  23 
 2770  17 
 2771  20 
 2772  19 
 2773  15 
 2774  21 
 2775  17 
 2776  17 
 2777  26 
 2778  18 
 2779  30 
 2780  12 
 2781  20 
 2782  29 
 2783  24 
 2784  25 
 2785  14 
 2786  19 
 2787  24 
 2788  17 
 2789  19 
 2790  15 
 2791  16 
 2792  17 
 2793  15 
 2794  17 
 2795  24 
 2796  22 
 2797  25 
 2798  23 
 2799  22 
 2800  17 
 2801  17 
 2802  24 
 2803  16 
 2804  14 
 2805  15 
 2806  19 
 2807  22 
 2808  26 
 2809  19 
 2810  25 
 2811  30 
 2812  25 
 2813  25 
 2814  26 
 2815  24 
 2816  20 
 2817  17 
 2818  18 
 2819  21 
 2820  24 
 2821  16 
 2822  29 
 2823  25 
 2824  23 
 2825  23 
 2826  25 
 2827  22 
 2828  20 
 2829  21 
 2830  25 
 2831  19 
 2832  22 
 2833  21 
 2834  20 
 2835  16 
 2836  35 
 2837  27 
 2838  23 
 2839  33 
 2840  34 
 2841  19 
 2842  32 
 2843  29 
 2844  30 
 2845  33 
 2846  29 
 2847  33 
 2848  24 
 2849  27 
 2850  31 
 2851  32 
 2852  27 
 2853  25 
 2854  23 
 2855  30 
 2856  33 
 2857  35 
 2858  35 
 2859  33 
 2860  31 
 2861  25 
 2862  34 
 2863  34 
 2864  42 
 2865  42 
 2866  29 
 2867  56 
 2868  33 
 2869  42 
 2870  43 
 2871  49 
 2872  50 
 2873  51 
 2874  50 
 2875  44 
 2876  43 
 2877  47 
 2878  43 
 2879  59 
 2880  48 
 2881  71 
 2882  41 
 2883  48 
 2884  58 
 2885  60 
 2886  65 
 2887  79 
 2888  45 
 2889  63 
 2890  63 
 2891  57 
 2892  69 
 2893  73 
 2894  73 
 2895  89 
 2896  75 
 2897  97 
 2898  90 
 2899  90 
 2900  91 
 2901  98 
 2902  93 
 2903  111 
 2904  98 
 2905  117 
 2906  95 
 2907  107 
 2908  115 
 2909  103 
 2910  116 
 2911  130 
 2912  125 
 2913  118 
 2914  136 
 2915  139 
 2916  126 
 2917  141 
 2918  164 
 2919  156 
 2920  153 
 2921  159 
 2922  161 
 2923  172 
 2924  178 
 2925  167 
 2926  180 
 2927  181 
 2928  183 
 2929  192 
 2930  184 
 2931  215 
 2932  210 
 2933  211 
 2934  234 
 2935  236 
 2936  219 
 2937  225 
 2938  246 
 2939  263 
 2940  318 
 2941  310 
 2942  351 
 2943  338 
 2944  382 
 2945  408 
 2946  446 
 2947  477 
 2948  533 
 2949  580 
 2950  604 
 2951  628 
 2952  708 
 2953  762 
 2954  792 
 2955  817 
 2956  860 
 2957  902 
 2958  871 
 2959  908 
 2960  872 
 2961  904 
 2962  882 
 2963  871 
 2964  894 
 2965  843 
 2966  806 
 2967  697 
 2968  689 
 2969  647 
 2970  619 
 2971  537 
 2972  486 
 2973  413 
 2974  399 
 2975  312 
 2976  274 
 2977  263 
 2978  260 
 2979  212 
 2980  183 
 2981  153 
 2982  128 
 2983  119 
 2984  93 
 2985  101 
 2986  81 
 2987  92 
 2988  77 
 2989  73 
 2990  65 
 2991  54 
 2992  42 
 2993  50 
 2994  64 
 2995  50 
 2996  57 
 2997  45 
 2998  58 
 2999  43 
 3000  50 
 3001  51 
 3002  47 
 3003  51 
 3004  46 
 3005  37 
 3006  47 
 3007  58 
 3008  50 
 3009  52 
 3010  54 
 3011  50 
 3012  54 
 3013  57 
 3014  49 
 3015  59 
 3016  57 
 3017  54 
 3018  51 
 3019  52 
 3020  57 
 3021  62 
 3022  66 
 3023  54 
 3024  73 
 3025  60 
 3026  73 
 3027  53 
 3028  68 
 3029  75 
 3030  77 
 3031  70 
 3032  83 
 3033  81 
 3034  75 
 3035  85 
 3036  69 
 3037  82 
 3038  69 
 3039  74 
 3040  81 
 3041  91 
 3042  87 
 3043  87 
 3044  73 
 3045  69 
 3046  66 
 3047  66 
 3048  58 
 3049  37 
 3050  48 
 3051  56 
 3052  43 
 3053  54 
 3054  49 
 3055  38 
 3056  35 
 3057  43 
 3058  41 
 3059  26 
 3060  32 
 3061  27 
 3062  25 
 3063  30 
 3064  31 
 3065  31 
 3066  39 
 3067  45 
 3068  33 
 3069  24 
 3070  24 
 3071  32 
 3072  29 
 3073  40 
 3074  45 
 3075  36 
 3076  35 
 3077  30 
 3078  41 
 3079  39 
 3080  51 
 3081  44 
 3082  41 
 3083  44 
 3084  48 
 3085  45 
 3086  42 
 3087  57 
 3088  39 
 3089  48 
 3090  72 
 3091  54 
 3092  48 
 3093  60 
 3094  65 
 3095  55 
 3096  58 
 3097  65 
 3098  62 
 3099  70 
 3100  92 
 3101  84 
 3102  75 
 3103  78 
 3104  109 
 3105  103 
 3106  113 
 3107  121 
 3108  103 
 3109  111 
 3110  128 
 3111  134 
 3112  158 
 3113  167 
 3114  147 
 3115  175 
 3116  202 
 3117  223 
 3118  222 
 3119  210 
 3120  215 
 3121  258 
 3122  293 
 3123  275 
 3124  315 
 3125  316 
 3126  339 
 3127  368 
 3128  373 
 3129  401 
 3130  449 
 3131  428 
 3132  474 
 3133  521 
 3134  517 
 3135  610 
 3136  606 
 3137  695 
 3138  714 
 3139  767 
 3140  790 
 3141  886 
 3142  859 
 3143  905 
 3144  967 
 3145  1004 
 3146  1133 
 3147  1145 
 3148  1211 
 3149  1274 
 3150  1411 
 3151  1360 
 3152  1449 
 3153  1566 
 3154  1617 
 3155  1689 
 3156  1879 
 3157  1892 
 3158  2012 
 3159  2026 
 3160  2165 
 3161  2313 
 3162  2321 
 3163  2471 
 3164  2576 
 3165  2672 
 3166  2874 
 3167  2809 
 3168  2975 
 3169  3204 
 3170  3260 
 3171  3517 
 3172  3520 
 3173  3759 
 3174  3806 
 3175  4013 
 3176  4075 
 3177  4312 
 3178  4392 
 3179  4533 
 3180  4627 
 3181  4812 
 3182  4927 
 3183  5124 
 3184  5258 
 3185  5399 
 3186  5567 
 3187  5896 
 3188  6061 
 3189  6171 
 3190  6497 
 3191  6370 
 3192  6602 
 3193  6734 
 3194  7033 
 3195  7069 
 3196  7378 
 3197  7248 
 3198  7498 
 3199  7535 
 3200  7732 
 3201  7651 
 3202  8099 
 3203  8107 
 3204  8257 
 3205  8428 
 3206  8437 
 3207  8461 
 3208  8569 
 3209  8613 
 3210  8641 
 3211  8755 
 3212  8683 
 3213  8707 
 3214  8716 
 3215  8609 
 3216  8821 
 3217  8776 
 3218  8670 
 3219  8561 
 3220  8564 
 3221  8432 
 3222  8501 
 3223  8256 
 3224  8269 
 3225  8063 
 3226  7894 
 3227  7865 
 3228  7440 
 3229  7286 
 3230  7097 
 3231  6927 
 3232  6544 
 3233  6462 
 3234  6158 
 3235  6002 
 3236  5740 
 3237  5639 
 3238  5207 
 3239  4956 
 3240  4754 
 3241  4277 
 3242  4097 
 3243  3980 
 3244  3491 
 3245  3387 
 3246  2911 
 3247  2883 
 3248  2585 
 3249  2277 
 3250  2145 
 3251  1849 
 3252  1695 
 3253  1476 
 3254  1334 
 3255  1102 
 3256  998 
 3257  857 
 3258  711 
 3259  613 
 3260  512 
 3261  405 
 3262  365 
 3263  287 
 3264  237 
 3265  182 
 3266  153 
 3267  125 
 3268  98 
 3269  79 
 3270  69 
 3271  52 
 3272  38 
 3273  33 
 3274  28 
 3275  27 
 3276  9 
 3277  9 
 3278  10 
 3279  9 
 3280  10 
 3281  5 
 3282  17 
 3283  3 
 3284  5 
 3285  5 
 3286  3 
 3287  5 
 3288  5 
 3289  5 
 3290  6 
 3291  4 
 3292  3 
 3293  2 
 3294  5 
 3295  3 
 3296  2 
 3297  4 
 3298  2 
 3299  1 
 3300  0 
 3301  4 
 3302  2 
 3303  2 
 3304  0 
 3305  3 
 3306  2 
 3307  1 
 3308  0 
 3309  6 
 3310  2 
 3311  0 
 3312  1 
 3313  1 
 3314  0 
 3315  4 
 3316  0 
 3317  1 
 3318  1 
 3319  2 
 3320  0 
 3321  1 
 3322  0 
 3323  0 
 3324  2 
 3325  0 
 3326  0 
 3327  2 
 3328  4 
 3329  2 
 3330  0 
 3331  0 
 3332  5 
 3333  1 
 3334  1 
 3335  1 
 3336  0 
 3337  2 
 3338  2 
 3339  0 
 3340  1 
 3341  2 
 3342  0 
 3343  2 
 3344  1 
 3345  1 
 3346  0 
 3347  0 
 3348  1 
 3349  1 
 3350  2 
 3351  0 
 3352  0 
 3353  0 
 3354  2 
 3355  1 
 3356  0 
 3357  3 
 3358  2 
 3359  4 
 3360  0 
 3361  1 
 3362  0 
 3363  0 
 3364  0 
 3365  1 
 3366  1 
 3367  0 
 3368  1 
 3369  0 
 3370  1 
 3371  1 
 3372  2 
 3373  1 
 3374  0 
 3375  1 
 3376  0 
 3377  0 
 3378  0 
 3379  0 
 3380  0 
 3381  0 
 3382  0 
 3383  2 
 3384  2 
 3385  1 
 3386  0 
 3387  2 
 3388  0 
 3389  0 
 3390  2 
 3391  0 
 3392  0 
 3393  0 
 3394  2 
 3395  2 
 3396  0 
 3397  0 
 3398  1 
 3399  0 
 3400  2 
 3401  0 
 3402  0 
 3403  1 
 3404  2 
 3405  2 
 3406  0 
 3407  1 
 3408  0 
 3409  0 
 3410  0 
 3411  2 
 3412  0 
 3413  2 
 3414  1 
 3415  0 
 3416  0 
 3417  0 
 3418  1 
 3419  1 
 3420  0 
 3421  1 
 3422  1 
 3423  0 
 3424  0 
 3425  1 
 3426  3 
 3427  0 
 3428  0 
 3429  1 
 3430  0 
 3431  0 
 3432  1 
 3433  1 
 3434  0 
 3435  1 
 3436  0 
 3437  3 
 3438  1 
 3439  1 
 3440  0 
 3441  4 
 3442  1 
 3443  1 
 3444  0 
 3445  0 
 3446  0 
 3447  0 
 3448  1 
 3449  0 
 3450  0 
 3451  1 
 3452  1 
 3453  1 
 3454  1 
 3455  2 
 3456  2 
 3457  0 
 3458  0 
 3459  0 
 3460  0 
 3461  1 
 3462  0 
 3463  0 
 3464  1 
 3465  0 
 3466  1 
 3467  0 
 3468  0 
 3469  0 
 3470  0 
 3471  0 
 3472  0 
 3473  0 
 3474  1 
 3475  0 
 3476  0 
 3477  1 
 3478  0 
 3479  0 
 3480  0 
 3481  2 
 3482  0 
 3483  0 
 3484  0 
 3485  0 
 3486  1 
 3487  0 
 3488  0 
 3489  1 
 3490  0 
 3491  0 
 3492  0 
 3493  0 
 3494  1 
 3495  3 
 3496  1 
 3497  2 
 3498  0 
 3499  0 
 3500  1 
 3501  2 
 3502  2 
 3503  1 
 3504  1 
 3505  0 
 3506  0 
 3507  0 
 3508  0 
 3509  1 
 3510  1 
 3511  2 
 3512  1 
 3513  1 
 3514  2 
 3515  1 
 3516  1 
 3517  0 
 3518  1 
 3519  0 
 3520  1 
 3521  1 
 3522  3 
 3523  2 
 3524  2 
 3525  0 
 3526  1 
 3527  1 
 3528  1 
 3529  0 
 3530  3 
 3531  1 
 3532  2 
 3533  0 
 3534  3 
 3535  3 
 3536  0 
 3537  1 
 3538  3 
 3539  1 
 3540  1 
 3541  1 
 3542  2 
 3543  3 
 3544  1 
 3545  0 
 3546  0 
 3547  2 
 3548  3 
 3549  1 
 3550  0 
 3551  3 
 3552  2 
 3553  1 
 3554  0 
 3555  2 
 3556  2 
 3557  3 
 3558  1 
 3559  4 
 3560  0 
 3561  2 
 3562  3 
 3563  2 
 3564  1 
 3565  3 
 3566  3 
 3567  2 
 3568  1 
 3569  2 
 3570  1 
 3571  0 
 3572  2 
 3573  0 
 3574  0 
 3575  2 
 3576  2 
 3577  1 
 3578  2 
 3579  1 
 3580  0 
 3581  2 
 3582  1 
 3583  1 
 3584  0 
 3585  1 
 3586  0 
 3587  0 
 3588  3 
 3589  1 
 3590  1 
 3591  2 
 3592  0 
 3593  0 
 3594  4 
 3595  2 
 3596  2 
 3597  4 
 3598  5 
 3599  2 
 3600  0 
 3601  3 
 3602  2 
 3603  2 
 3604  1 
 3605  2 
 3606  3 
 3607  1 
 3608  2 
 3609  0 
 3610  3 
 3611  1 
 3612  3 
 3613  2 
 3614  0 
 3615  0 
 3616  0 
 3617  1 
 3618  4 
 3619  2 
 3620  2 
 3621  0 
 3622  1 
 3623  3 
 3624  2 
 3625  1 
 3626  2 
 3627  2 
 3628  4 
 3629  2 
 3630  2 
 3631  1 
 3632  0 
 3633  1 
 3634  2 
 3635  3 
 3636  2 
 3637  0 
 3638  0 
 3639  2 
 3640  0 
 3641  2 
 3642  1 
 3643  2 
 3644  3 
 3645  0 
 3646  1 
 3647  1 
 3648  1 
 3649  0 
 3650  0 
 3651  0 
 3652  2 
 3653  2 
 3654  1 
 3655  2 
 3656  1 
 3657  2 
 3658  2 
 3659  2 
 3660  0 
 3661  0 
 3662  0 
 3663  0 
 3664  4 
 3665  2 
 3666  0 
 3667  1 
 3668  1 
 3669  1 
 3670  2 
 3671  1 
 3672  0 
 3673  0 
 3674  0 
 3675  2 
 3676  2 
 3677  2 
 3678  2 
 3679  0 
 3680  3 
 3681  1 
 3682  0 
 3683  0 
 3684  1 
 3685  3 
 3686  0 
 3687  1 
 3688  1 
 3689  0 
 3690  0 
 3691  1 
 3692  1 
 3693  1 
 3694  2 
 3695  4 
 3696  2 
 3697  1 
 3698  0 
 3699  0 
 3700  1 
 3701  2 
 3702  0 
 3703  3 
 3704  2 
 3705  1 
 3706  1 
 3707  1 
 3708  1 
 3709  0 
 3710  1 
 3711  1 
 3712  2 
 3713  1 
 3714  0 
 3715  3 
 3716  0 
 3717  0 
 3718  2 
 3719  1 
 3720  1 
 3721  1 
 3722  3 
 3723  1 
 3724  2 
 3725  2 
 3726  2 
 3727  3 
 3728  3 
 3729  0 
 3730  0 
 3731  0 
 3732  2 
 3733  0 
 3734  1 
 3735  3 
 3736  1 
 3737  2 
 3738  2 
 3739  2 
 3740  0 
 3741  3 
 3742  0 
 3743  0 
 3744  2 
 3745  0 
 3746  1 
 3747  0 
 3748  0 
 3749  0 
 3750  0 
 3751  0 
 3752  5 
 3753  1 
 3754  0 
 3755  0 
 3756  0 
 3757  2 
 3758  1 
 3759  0 
 3760  3 
 3761  2 
 3762  2 
 3763  1 
 3764  0 
 3765  2 
 3766  2 
 3767  0 
 3768  2 
 3769  1 
 3770  0 
 3771  2 
 3772  1 
 3773  0 
 3774  1 
 3775  1 
 3776  3 
 3777  2 
 3778  0 
 3779  1 
 3780  3 
 3781  1 
 3782  1 
 3783  0 
 3784  1 
 3785  2 
 3786  0 
 3787  0 
 3788  0 
 3789  0 
 3790  3 
 3791  1 
 3792  0 
 3793  0 
 3794  1 
 3795  2 
 3796  0 
 3797  1 
 3798  0 
 3799  1 
 3800  0 
 3801  1 
 3802  0 
 3803  1 
 3804  1 
 3805  4 
 3806  4 
 3807  1 
 3808  0 
 3809  1 
 3810  4 
 3811  2 
 3812  2 
 3813  0 
 3814  1 
 3815  2 
 3816  1 
 3817  0 
 3818  2 
 3819  0 
 3820  2 
 3821  0 
 3822  1 
 3823  0 
 3824  1 
 3825  2 
 3826  2 
 3827  2 
 3828  0 
 3829  2 
 3830  1 
 3831  0 
 3832  1 
 3833  0 
 3834  0 
 3835  1 
 3836  1 
 3837  2 
 3838  1 
 3839  0 
 3840  2 
 3841  0 
 3842  1 
 3843  2 
 3844  1 
 3845  2 
 3846  0 
 3847  1 
 3848  1 
 3849  0 
 3850  1 
 3851  2 
 3852  1 
 3853  0 
 3854  0 
 3855  2 
 3856  1 
 3857  2 
 3858  1 
 3859  1 
 3860  0 
 3861  1 
 3862  1 
 3863  3 
 3864  2 
 3865  0 
 3866  1 
 3867  1 
 3868  1 
 3869  1 
 3870  1 
 3871  1 
 3872  0 
 3873  1 
 3874  1 
 3875  0 
 3876  0 
 3877  1 
 3878  0 
 3879  1 
 3880  1 
 3881  2 
 3882  0 
 3883  0 
 3884  1 
 3885  0 
 3886  2 
 3887  1 
 3888  0 
 3889  0 
 3890  0 
 3891  0 
 3892  1 
 3893  2 
 3894  1 
 3895  0 
 3896  1 
 3897  1 
 3898  1 
 3899  1 
 3900  2 
 3901  0 
 3902  1 
 3903  2 
 3904  0 
 3905  0 
 3906  0 
 3907  1 
 3908  1 
 3909  2 
 3910  2 
 3911  1 
 3912  1 
 3913  2 
 3914  0 
 3915  2 
 3916  3 
 3917  1 
 3918  0 
 3919  2 
 3920  1 
 3921  0 
 3922  0 
 3923  1 
 3924  1 
 3925  0 
 3926  0 
 3927  1 
 3928  0 
 3929  2 
 3930  0 
 3931  0 
 3932  0 
 3933  1 
 3934  2 
 3935  0 
 3936  0 
 3937  1 
 3938  2 
 3939  1 
 3940  0 
 3941  1 
 3942  2 
 3943  0 
 3944  2 
 3945  1 
 3946  1 
 3947  2 
 3948  1 
 3949  0 
 3950  1 
 3951  0 
 3952  1 
 3953  0 
 3954  1 
 3955  0 
 3956  0 
 3957  3 
 3958  0 
 3959  2 
 3960  0 
 3961  1 
 3962  0 
 3963  0 
 3964  3 
 3965  0 
 3966  0 
 3967  1 
 3968  1 
 3969  1 
 3970  1 
 3971  1 
 3972  0 
 3973  0 
 3974  0 
 3975  1 
 3976  1 
 3977  0 
 3978  0 
 3979  1 
 3980  1 
 3981  1 
 3982  0 
 3983  2 
 3984  0 
 3985  3 
 3986  1 
 3987  0 
 3988  2 
 3989  3 
 3990  1 
 3991  1 
 3992  1 
 3993  1 
 3994  0 
 3995  1 
 3996  0 
 3997  0 
 3998  1 
 3999  1 
 4000  1 
 4001  2 
 4002  1 
 4003  1 
 4004  2 
 4005  0 
 4006  1 
 4007  2 
 4008  0 
 4009  1 
 4010  0 
 4011  2 
 4012  3 
 4013  0 
 4014  0 
 4015  0 
 4016  0 
 4017  0 
 4018  1 
 4019  2 
 4020  1 
 4021  0 
 4022  0 
 4023  1 
 4024  3 
 4025  0 
 4026  2 
 4027  1 
 4028  0 
 4029  2 
 4030  0 
 4031  0 
 4032  0 
 4033  1 
 4034  1 
 4035  0 
 4036  1 
 4037  4 
 4038  1 
 4039  0 
 4040  0 
 4041  0 
 4042  1 
 4043  1 
 4044  0 
 4045  0 
 4046  0 
 4047  1 
 4048  1 
 4049  0 
 4050  1 
 4051  2 
 4052  1 
 4053  1 
 4054  0 
 4055  2 
 4056  0 
 4057  1 
 4058  1 
 4059  1 
 4060  0 
 4061  1 
 4062  1 
 4063  1 
 4064  0 
 4065  1 
 4066  0 
 4067  0 
 4068  1 
 4069  2 
 4070  1 
 4071  5 
 4072  0 
 4073  1 
 4074  0 
 4075  2 
 4076  1 
 4077  1 
 4078  0 
 4079  0 
 4080  0 
 4081  1 
 4082  0 
 4083  3 
 4084  2 
 4085  3 
 4086  1 
 4087  1 
 4088  0 
 4089  1 
 4090  0 
 4091  1 
 4092  1 
 4093  1 
 4094  1 
 4095  1 
 4096  2 
 4097  1 
 4098  2 
 4099  0 
 4100  2 
 4101  0 
 4102  1 
 4103  1 
 4104  0 
 4105  0 
 4106  2 
 4107  1 
 4108  0 
 4109  0 
 4110  3 
 4111  0 
 4112  1 
 4113  3 
 4114  1 
 4115  0 
 4116  1 
 4117  3 
 4118  1 
 4119  3 
 4120  0 
 4121  0 
 4122  0 
 4123  2 
 4124  1 
 4125  1 
 4126  0 
 4127  0 
 4128  0 
 4129  2 
 4130  0 
 4131  0 
 4132  0 
 4133  0 
 4134  0 
 4135  4 
 4136  1 
 4137  1 
 4138  0 
 4139  2 
 4140  1 
 4141  1 
 4142  2 
 4143  0 
 4144  0 
 4145  0 
 4146  1 
 4147  2 
 4148  2 
 4149  1 
 4150  0 
 4151  0 
 4152  0 
 4153  0 
 4154  1 
 4155  0 
 4156  0 
 4157  1 
 4158  1 
 4159  1 
 4160  0 
 4161  0 
 4162  0 
 4163  2 
 4164  1 
 4165  0 
 4166  1 
 4167  0 
 4168  1 
 4169  0 
 4170  2 
 4171  0 
 4172  4 
 4173  0 
 4174  0 
 4175  1 
 4176  1 
 4177  1 
 4178  3 
 4179  0 
 4180  4 
 4181  2 
 4182  0 
 4183  0 
 4184  2 
 4185  0 
 4186  0 
 4187  0 
 4188  1 
 4189  0 
 4190  4 
 4191  2 
 4192  0 
 4193  0 
 4194  0 
 4195  1 
 4196  0 
 4197  2 
 4198  1 
 4199  0 
 4200  0 
 4201  1 
 4202  0 
 4203  1 
 4204  0 
 4205  2 
 4206  1 
 4207  1 
 4208  1 
 4209  4 
 4210  0 
 4211  2 
 4212  0 
 4213  0 
 4214  0 
 4215  1 
 4216  1 
 4217  2 
 4218  0 
 4219  1 
 4220  1 
 4221  2 
 4222  0 
 4223  1 
 4224  1 
 4225  1 
 4226  2 
 4227  2 
 4228  2 
 4229  0 
 4230  0 
 4231  1 
 4232  0 
 4233  1 
 4234  2 
 4235  1 
 4236  0 
 4237  0 
 4238  2 
 4239  1 
 4240  0 
 4241  3 
 4242  0 
 4243  0 
 4244  0 
 4245  2 
 4246  0 
 4247  1 
 4248  0 
 4249  1 
 4250  0 
 4251  0 
 4252  0 
 4253  0 
 4254  1 
 4255  1 
 4256  0 
 4257  0 
 4258  0 
 4259  1 
 4260  1 
 4261  1 
 4262  1 
 4263  0 
 4264  2 
 4265  1 
 4266  0 
 4267  0 
 4268  2 
 4269  0 
 4270  2 
 4271  1 
 4272  0 
 4273  0 
 4274  1 
 4275  0 
 4276  0 
 4277  1 
 4278  3 
 4279  0 
 4280  1 
 4281  0 
 4282  2 
 4283  0 
 4284  1 
 4285  1 
 4286  0 
 4287  2 
 4288  0 
 4289  1 
 4290  0 
 4291  0 
 4292  3 
 4293  2 
 4294  2 
 4295  1 
 4296  1 
 4297  0 
 4298  1 
 4299  0 
 4300  0 
 4301  1 
 4302  1 
 4303  1 
 4304  3 
 4305  0 
 4306  1 
 4307  0 
 4308  1 
 4309  2 
 4310  1 
 4311  0 
 4312  1 
 4313  0 
 4314  0 
 4315  0 
 4316  0 
 4317  0 
 4318  0 
 4319  0 
 4320  0 
 4321  0 
 4322  2 
 4323  0 
 4324  0 
 4325  0 
 4326  2 
 4327  1 
 4328  0 
 4329  0 
 4330  0 
 4331  1 
 4332  0 
 4333  2 
 4334  2 
 4335  1 
 4336  1 
 4337  1 
 4338  0 
 4339  0 
 4340  2 
 4341  0 
 4342  1 
 4343  1 
 4344  0 
 4345  1 
 4346  0 
 4347  0 
 4348  1 
 4349  1 
 4350  1 
 4351  1 
 4352  0 
 4353  0 
 4354  0 
 4355  0 
 4356  1 
 4357  1 
 4358  2 
 4359  0 
 4360  1 
 4361  1 
 4362  1 
 4363  0 
 4364  1 
 4365  1 
 4366  0 
 4367  1 
 4368  0 
 4369  3 
 4370  0 
 4371  0 
 4372  1 
 4373  1 
 4374  1 
 4375  3 
 4376  2 
 4377  0 
 4378  2 
 4379  1 
 4380  0 
 4381  1 
 4382  0 
 4383  1 
 4384  3 
 4385  0 
 4386  1 
 4387  1 
 4388  0 
 4389  1 
 4390  1 
 4391  0 
 4392  1 
 4393  3 
 4394  2 
 4395  0 
 4396  1 
 4397  0 
 4398  0 
 4399  2 
 4400  1 
 4401  3 
 4402  0 
 4403  0 
 4404  0 
 4405  2 
 4406  0 
 4407  0 
 4408  1 
 4409  1 
 4410  0 
 4411  0 
 4412  0 
 4413  1 
 4414  0 
 4415  0 
 4416  1 
 4417  0 
 4418  0 
 4419  2 
 4420  1 
 4421  2 
 4422  0 
 4423  3 
 4424  1 
 4425  0 
 4426  1 
 4427  0 
 4428  0 
 4429  0 
 4430  0 
 4431  3 
 4432  2 
 4433  0 
 4434  1 
 4435  1 
 4436  0 
 4437  1 
 4438  2 
 4439  2 
 4440  2 
 4441  3 
 4442  1 
 4443  1 
 4444  0 
 4445  0 
 4446  1 
 4447  2 
 4448  1 
 4449  0 
 4450  0 
 4451  1 
 4452  2 
 4453  0 
 4454  0 
 4455  1 
 4456  1 
 4457  0 
 4458  0 
 4459  0 
 4460  0 
 4461  0 
 4462  0 
 4463  2 
 4464  0 
 4465  0 
 4466  3 
 4467  0 
 4468  0 
 4469  1 
 4470  0 
 4471  0 
 4472  0 
 4473  0 
 4474  0 
 4475  0 
 4476  1 
 4477  1 
 4478  1 
 4479  0 
 4480  1 
 4481  1 
 4482  0 
 4483  0 
 4484  1 
 4485  0 
 4486  0 
 4487  3 
 4488  1 
 4489  1 
 4490  0 
 4491  3 
 4492  1 
 4493  1 
 4494  0 
 4495  0 
 4496  1 
 4497  0 
 4498  0 
 4499  1 
 4500  0 
 4501  2 
 4502  0 
 4503  0 
 4504  0 
 4505  1 
 4506  0 
 4507  0 
 4508  2 
 4509  3 
 4510  0 
 4511  1 
 4512  0 
 4513  0 
 4514  1 
 4515  2 
 4516  0 
 4517  1 
 4518  1 
 4519  1 
 4520  0 
 4521  0 
 4522  0 
 4523  0 
 4524  2 
 4525  0 
 4526  2 
 4527  3 
 4528  1 
 4529  0 
 4530  0 
 4531  2 
 4532  0 
 4533  1 
 4534  0 
 4535  2 
 4536  0 
 4537  1 
 4538  1 
 4539  1 
 4540  0 
 4541  2 
 4542  0 
 4543  0 
 4544  0 
 4545  0 
 4546  1 
 4547  1 
 4548  2 
 4549  0 
 4550  0 
 4551  0 
 4552  0 
 4553  0 
 4554  2 
 4555  1 
 4556  0 
 4557  0 
 4558  4 
 4559  0 
 4560  2 
 4561  0 
 4562  3 
 4563  0 
 4564  2 
 4565  3 
 4566  2 
 4567  1 
 4568  0 
 4569  1 
 4570  2 
 4571  2 
 4572  0 
 4573  2 
 4574  0 
 4575  1 
 4576  0 
 4577  0 
 4578  1 
 4579  0 
 4580  0 
 4581  0 
 4582  0 
 4583  0 
 4584  0 
 4585  1 
 4586  0 
 4587  1 
 4588  1 
 4589  0 
 4590  1 
 4591  0 
 4592  0 
 4593  0 
 4594  0 
 4595  1 
 4596  1 
 4597  1 
 4598  0 
 4599  0 
 4600  0 
 4601  3 
 4602  1 
 4603  0 
 4604  0 
 4605  0 
 4606  3 
 4607  0 
 4608  1 
 4609  1 
 4610  1 
 4611  1 
 4612  1 
 4613  0 
 4614  1 
 4615  0 
 4616  1 
 4617  0 
 4618  0 
 4619  1 
 4620  0 
 4621  0 
 4622  1 
 4623  4 
 4624  0 
 4625  0 
 4626  0 
 4627  1 
 4628  2 
 4629  1 
 4630  0 
 4631  0 
 4632  0 
 4633  1 
 4634  1 
 4635  0 
 4636  0 
 4637  1 
 4638  1 
 4639  0 
 4640  0 
 4641  0 
 4642  0 
 4643  1 
 4644  0 
 4645  0 
 4646  1 
 4647  0 
 4648  0 
 4649  1 
 4650  1 
 4651  1 
 4652  1 
 4653  0 
 4654  1 
 4655  1 
 4656  0 
 4657  1 
 4658  0 
 4659  1 
 4660  1 
 4661  0 
 4662  0 
 4663  2 
 4664  0 
 4665  0 
 4666  2 
 4667  3 
 4668  1 
 4669  0 
 4670  0 
 4671  0 
 4672  2 
 4673  0 
 4674  0 
 4675  0 
 4676  0 
 4677  0 
 4678  0 
 4679  0 
 4680  1 
 4681  1 
 4682  0 
 4683  2 
 4684  1 
 4685  0 
 4686  1 
 4687  2 
 4688  0 
 4689  0 
 4690  2 
 4691  0 
 4692  0 
 4693  2 
 4694  1 
 4695  0 
 4696  1 
 4697  2 
 4698  0 
 4699  0 
 4700  0 
 4701  1 
 4702  1 
 4703  0 
 4704  0 
 4705  1 
 4706  0 
 4707  1 
 4708  1 
 4709  0 
 4710  1 
 4711  0 
 4712  2 
 4713  0 
 4714  0 
 4715  0 
 4716  3 
 4717  4 
 4718  1 
 4719  3 
 4720  1 
 4721  1 
 4722  1 
 4723  1 
 4724  0 
 4725  0 
 4726  0 
 4727  1 
 4728  0 
 4729  0 
 4730  1 
 4731  3 
 4732  0 
 4733  0 
 4734  1 
 4735  0 
 4736  1 
 4737  1 
 4738  1 
 4739  2 
 4740  3 
 4741  0 
 4742  3 
 4743  0 
 4744  1 
 4745  1 
 4746  0 
 4747  2 
 4748  1 
 4749  0 
 4750  2 
 4751  0 
 4752  1 
 4753  0 
 4754  0 
 4755  2 
 4756  1 
 4757  1 
 4758  1 
 4759  0 
 4760  1 
 4761  0 
 4762  3 
 4763  0 
 4764  0 
 4765  2 
 4766  0 
 4767  0 
 4768  0 
 4769  0 
 4770  1 
 4771  0 
 4772  0 
 4773  0 
 4774  0 
 4775  0 
 4776  2 
 4777  0 
 4778  1 
 4779  0 
 4780  0 
 4781  1 
 4782  0 
 4783  0 
 4784  0 
 4785  2 
 4786  0 
 4787  1 
 4788  1 
 4789  1 
 4790  0 
 4791  0 
 4792  2 
 4793  1 
 4794  0 
 4795  3 
 4796  0 
 4797  0 
 4798  1 
 4799  0 
 4800  0 
 4801  0 
 4802  2 
 4803  0 
 4804  0 
 4805  3 
 4806  2 
 4807  0 
 4808  0 
 4809  0 
 4810  1 
 4811  2 
 4812  0 
 4813  1 
 4814  1 
 4815  2 
 4816  0 
 4817  0 
 4818  0 
 4819  0 
 4820  0 
 4821  3 
 4822  1 
 4823  0 
 4824  1 
 4825  0 
 4826  0 
 4827  1 
 4828  0 
 4829  1 
 4830  1 
 4831  1 
 4832  1 
 4833  0 
 4834  2 
 4835  0 
 4836  1 
 4837  0 
 4838  0 
 4839  1 
 4840  0 
 4841  0 
 4842  2 
 4843  0 
 4844  0 
 4845  1 
 4846  2 
 4847  0 
 4848  3 
 4849  2 
 4850  3 
 4851  0 
 4852  0 
 4853  1 
 4854  0 
 4855  0 
 4856  0 
 4857  1 
 4858  1 
 4859  0 
 4860  0 
 4861  0 
 4862  2 
 4863  1 
 4864  1 
 4865  0 
 4866  1 
 4867  2 
 4868  1 
 4869  0 
 4870  0 
 4871  1 
 4872  1 
 4873  1 
 4874  2 
 4875  0 
 4876  0 
 4877  0 
 4878  1 
 4879  0 
 4880  2 
 4881  3 
 4882  1 
 4883  1 
 4884  1 
 4885  0 
 4886  2 
 4887  2 
 4888  1 
 4889  2 
 4890  0 
 4891  0 
 4892  1 
 4893  1 
 4894  0 
 4895  0 
 4896  1 
 4897  0 
 4898  0 
 4899  1 
 4900  1 
 4901  1 
 4902  0 
 4903  1 
 4904  1 
 4905  0 
 4906  1 
 4907  0 
 4908  0 
 4909  0 
 4910  0 
 4911  0 
 4912  0 
 4913  0 
 4914  1 
 4915  1 
 4916  0 
 4917  1 
 4918  0 
 4919  2 
 4920  0 
 4921  2 
 4922  1 
 4923  0 
 4924  0 
 4925  1 
 4926  1 
 4927  0 
 4928  0 
 4929  0 
 4930  2 
 4931  0 
 4932  1 
 4933  1 
 4934  0 
 4935  0 
 4936  0 
 4937  0 
 4938  3 
 4939  0 
 4940  0 
 4941  2 
 4942  1 
 4943  0 
 4944  0 
 4945  1 
 4946  2 
 4947  0 
 4948  1 
 4949  1 
 4950  3 
 4951  0 
 4952  1 
 4953  0 
 4954  2 
 4955  0 
 4956  2 
 4957  0 
 4958  2 
 4959  1 
 4960  1 
 4961  1 
 4962  2 
 4963  3 
 4964  0 
 4965  0 
 4966  0 
 4967  0 
 4968  0 
 4969  0 
 4970  0 
 4971  0 
 4972  2 
 4973  1 
 4974  2 
 4975  1 
 4976  2 
 4977  0 
 4978  0 
 4979  3 
 4980  1 
 4981  3 
 4982  1 
 4983  0 
 4984  2 
 4985  1 
 4986  1 
 4987  2 
 4988  0 
 4989  0 
 4990  0 
 4991  0 
 4992  0 
 4993  1 
 4994  0 
 4995  0 
 4996  2 
 4997  0 
 4998  0 
 4999  0 
 5000  0 
 5001  1 
 5002  1 
 5003  0 
 5004  0 
 5005  1 
 5006  3 
 5007  4 
 5008  0 
 5009  0 
 5010  0 
 5011  1 
 5012  0 
 5013  1 
 5014  0 
 5015  0 
 5016  2 
 5017  0 
 5018  1 
 5019  0 
 5020  1 
 5021  1 
 5022  1 
 5023  1 
 5024  2 
 5025  1 
 5026  0 
 5027  0 
 5028  1 
 5029  3 
 5030  0 
 5031  0 
 5032  1 
 5033  0 
 5034  1 
 5035  1 
 5036  1 
 5037  0 
 5038  0 
 5039  1 
 5040  0 
 5041  3 
 5042  2 
 5043  1 
 5044  3 
 5045  2 
 5046  2 
 5047  0 
 5048  2 
 5049  2 
 5050  0 
 5051  2 
 5052  1 
 5053  0 
 5054  2 
 5055  1 
 5056  1 
 5057  1 
 5058  0 
 5059  1 
 5060  2 
 5061  0 
 5062  2 
 5063  0 
 5064  0 
 5065  1 
 5066  1 
 5067  2 
 5068  0 
 5069  2 
 5070  0 
 5071  1 
 5072  0 
 5073  0 
 5074  0 
 5075  2 
 5076  1 
 5077  1 
 5078  0 
 5079  0 
 5080  1 
 5081  1 
 5082  1 
 5083  1 
 5084  3 
 5085  2 
 5086  2 
 5087  2 
 5088  1 
 5089  1 
 5090  0 
 5091  0 
 5092  1 
 5093  0 
 5094  0 
 5095  1 
 5096  2 
 5097  1 
 5098  1 
 5099  1 
 5100  0 
 5101  1 
 5102  0 
 5103  0 
 5104  1 
 5105  0 
 5106  0 
 5107  2 
 5108  0 
 5109  2 
 5110  0 
 5111  2 
 5112  3 
 5113  0 
 5114  0 
 5115  2 
 5116  2 
 5117  0 
 5118  1 
 5119  2 
 5120  1 
 5121  0 
 5122  1 
 5123  2 
 5124  1 
 5125  0 
 5126  1 
 5127  3 
 5128  1 
 5129  2 
 5130  1 
 5131  1 
 5132  1 
 5133  0 
 5134  0 
 5135  0 
 5136  2 
 5137  1 
 5138  1 
 5139  2 
 5140  0 
 5141  0 
 5142  0 
 5143  0 
 5144  1 
 5145  3 
 5146  2 
 5147  0 
 5148  0 
 5149  3 
 5150  2 
 5151  0 
 5152  1 
 5153  2 
 5154  0 
 5155  0 
 5156  1 
 5157  1 
 5158  0 
 5159  3 
 5160  0 
 5161  2 
 5162  2 
 5163  0 
 5164  0 
 5165  0 
 5166  1 
 5167  0 
 5168  2 
 5169  2 
 5170  1 
 5171  1 
 5172  0 
 5173  1 
 5174  1 
 5175  0 
 5176  1 
 5177  1 
 5178  1 
 5179  1 
 5180  2 
 5181  2 
 5182  1 
 5183  2 
 5184  0 
 5185  0 
 5186  1 
 5187  1 
 5188  0 
 5189  1 
 5190  0 
 5191  1 
 5192  1 
 5193  0 
 5194  0 
 5195  2 
 5196  1 
 5197  1 
 5198  3 
 5199  0 
 5200  0 
 5201  1 
 5202  3 
 5203  1 
 5204  0 
 5205  1 
 5206  0 
 5207  1 
 5208  1 
 5209  3 
 5210  4 
 5211  0 
 5212  0 
 5213  1 
 5214  0 
 5215  0 
 5216  0 
 5217  0 
 5218  0 
 5219  0 
 5220  0 
 5221  0 
 5222  1 
 5223  0 
 5224  0 
 5225  1 
 5226  0 
 5227  1 
 5228  0 
 5229  1 
 5230  1 
 5231  2 
 5232  0 
 5233  0 
 5234  1 
 5235  1 
 5236  1 
 5237  2 
 5238  0 
 5239  1 
 5240  3 
 5241  1 
 5242  3 
 5243  0 
 5244  1 
 5245  1 
 5246  2 
 5247  4 
 5248  2 
 5249  0 
 5250  1 
 5251  0 
 5252  1 
 5253  2 
 5254  0 
 5255  0 
 5256  0 
 5257  1 
 5258  1 
 5259  2 
 5260  0 
 5261  2 
 5262  0 
 5263  2 
 5264  0 
 5265  3 
 5266  0 
 5267  1 
 5268  2 
 5269  4 
 5270  0 
 5271  0 
 5272  3 
 5273  2 
 5274  0 
 5275  2 
 5276  0 
 5277  1 
 5278  1 
 5279  1 
 5280  0 
 5281  1 
 5282  1 
 5283  0 
 5284  0 
 5285  1 
 5286  0 
 5287  2 
 5288  2 
 5289  1 
 5290  0 
 5291  0 
 5292  0 
 5293  1 
 5294  0 
 5295  0 
 5296  2 
 5297  0 
 5298  0 
 5299  2 
 5300  1 
 5301  1 
 5302  0 
 5303  2 
 5304  2 
 5305  1 
 5306  0 
 5307  0 
 5308  0 
 5309  0 
 5310  1 
 5311  3 
 5312  3 
 5313  2 
 5314  0 
 5315  0 
 5316  0 
 5317  1 
 5318  1 
 5319  0 
 5320  0 
 5321  1 
 5322  0 
 5323  1 
 5324  0 
 5325  0 
 5326  1 
 5327  0 
 5328  2 
 5329  0 
 5330  0 
 5331  1 
 5332  0 
 5333  0 
 5334  0 
 5335  0 
 5336  1 
 5337  2 
 5338  2 
 5339  1 
 5340  1 
 5341  0 
 5342  1 
 5343  1 
 5344  0 
 5345  1 
 5346  0 
 5347  0 
 5348  0 
 5349  1 
 5350  2 
 5351  2 
 5352  1 
 5353  1 
 5354  2 
 5355  1 
 5356  0 
 5357  1 
 5358  1 
 5359  1 
 5360  0 
 5361  0 
 5362  0 
 5363  0 
 5364  0 
 5365  0 
 5366  2 
 5367  1 
 5368  0 
 5369  1 
 5370  1 
 5371  0 
 5372  0 
 5373  0 
 5374  0 
 5375  1 
 5376  2 
 5377  0 
 5378  0 
 5379  3 
 5380  2 
 5381  1 
 5382  1 
 5383  2 
 5384  1 
 5385  0 
 5386  0 
 5387  0 
 5388  0 
 5389  0 
 5390  1 
 5391  2 
 5392  1 
 5393  1 
 5394  1 
 5395  3 
 5396  1 
 5397  1 
 5398  0 
 5399  0 
 5400  0 
 5401  1 
 5402  1 
 5403  1 
 5404  2 
 5405  2 
 5406  1 
 5407  1 
 5408  1 
 5409  1 
 5410  0 
 5411  2 
 5412  1 
 5413  0 
 5414  2 
 5415  3 
 5416  1 
 5417  0 
 5418  0 
 5419  0 
 5420  1 
 5421  1 
 5422  1 
 5423  0 
 5424  1 
 5425  1 
 5426  1 
 5427  0 
 5428  0 
 5429  4 
 5430  0 
 5431  1 
 5432  2 
 5433  1 
 5434  0 
 5435  1 
 5436  3 
 5437  1 
 5438  0 
 5439  2 
 5440  0 
 5441  1 
 5442  0 
 5443  3 
 5444  0 
 5445  1 
 5446  0 
 5447  0 
 5448  0 
 5449  0 
 5450  0 
 5451  2 
 5452  0 
 5453  1 
 5454  0 
 5455  1 
 5456  0 
 5457  1 
 5458  0 
 5459  1 
 5460  2 
 5461  1 
 5462  2 
 5463  0 
 5464  1 
 5465  1 
 5466  0 
 5467  1 
 5468  2 
 5469  1 
 5470  0 
 5471  2 
 5472  0 
 5473  1 
 5474  2 
 5475  0 
 5476  0 
 5477  1 
 5478  1 
 5479  0 
 5480  2 
 5481  1 
 5482  2 
 5483  0 
 5484  0 
 5485  1 
 5486  1 
 5487  0 
 5488  2 
 5489  0 
 5490  0 
 5491  0 
 5492  1 
 5493  0 
 5494  1 
 5495  1 
 5496  0 
 5497  2 
 5498  1 
 5499  1 
 5500  2 
 5501  1 
 5502  1 
 5503  0 
 5504  0 
 5505  1 
 5506  0 
 5507  1 
 5508  1 
 5509  0 
 5510  0 
 5511  0 
 5512  0 
 5513  0 
 5514  0 
 5515  1 
 5516  0 
 5517  0 
 5518  3 
 5519  2 
 5520  0 
 5521  2 
 5522  2 
 5523  0 
 5524  0 
 5525  0 
 5526  1 
 5527  0 
 5528  3 
 5529  1 
 5530  4 
 5531  1 
 5532  0 
 5533  1 
 5534  0 
 5535  3 
 5536  0 
 5537  0 
 5538  1 
 5539  1 
 5540  1 
 5541  2 
 5542  0 
 5543  1 
 5544  1 
 5545  2 
 5546  1 
 5547  0 
 5548  0 
 5549  3 
 5550  1 
 5551  3 
 5552  0 
 5553  1 
 5554  2 
 5555  0 
 5556  0 
 5557  0 
 5558  5 
 5559  1 
 5560  0 
 5561  1 
 5562  3 
 5563  1 
 5564  0 
 5565  2 
 5566  0 
 5567  0 
 5568  1 
 5569  0 
 5570  2 
 5571  1 
 5572  0 
 5573  0 
 5574  2 
 5575  0 
 5576  1 
 5577  1 
 5578  0 
 5579  1 
 5580  1 
 5581  2 
 5582  0 
 5583  2 
 5584  0 
 5585  0 
 5586  1 
 5587  2 
 5588  1 
 5589  1 
 5590  1 
 5591  1 
 5592  1 
 5593  1 
 5594  0 
 5595  1 
 5596  0 
 5597  1 
 5598  1 
 5599  1 
 5600  2 
 5601  0 
 5602  1 
 5603  0 
 5604  0 
 5605  1 
 5606  2 
 5607  2 
 5608  0 
 5609  1 
 5610  2 
 5611  1 
 5612  0 
 5613  1 
 5614  1 
 5615  1 
 5616  1 
 5617  1 
 5618  1 
 5619  1 
 5620  1 
 5621  0 
 5622  0 
 5623  1 
 5624  2 
 5625  0 
 5626  3 
 5627  1 
 5628  3 
 5629  0 
 5630  1 
 5631  1 
 5632  0 
 5633  0 
 5634  0 
 5635  0 
 5636  3 
 5637  2 
 5638  1 
 5639  2 
 5640  1 
 5641  1 
 5642  1 
 5643  3 
 5644  0 
 5645  1 
 5646  0 
 5647  1 
 5648  2 
 5649  2 
 5650  1 
 5651  2 
 5652  1 
 5653  0 
 5654  0 
 5655  1 
 5656  2 
 5657  0 
 5658  1 
 5659  1 
 5660  0 
 5661  1 
 5662  0 
 5663  0 
 5664  0 
 5665  1 
 5666  1 
 5667  1 
 5668  4 
 5669  1 
 5670  0 
 5671  0 
 5672  0 
 5673  1 
 5674  1 
 5675  0 
 5676  1 
 5677  2 
 5678  1 
 5679  3 
 5680  0 
 5681  0 
 5682  1 
 5683  1 
 5684  2 
 5685  0 
 5686  0 
 5687  1 
 5688  1 
 5689  2 
 5690  0 
 5691  2 
 5692  1 
 5693  2 
 5694  1 
 5695  1 
 5696  1 
 5697  0 
 5698  3 
 5699  0 
 5700  3 
 5701  2 
 5702  1 
 5703  0 
 5704  1 
 5705  2 
 5706  1 
 5707  1 
 5708  1 
 5709  1 
 5710  0 
 5711  0 
 5712  2 
 5713  1 
 5714  2 
 5715  1 
 5716  0 
 5717  2 
 5718  4 
 5719  2 
 5720  1 
 5721  3 
 5722  3 
 5723  0 
 5724  2 
 5725  0 
 5726  1 
 5727  1 
 5728  1 
 5729  0 
 5730  0 
 5731  1 
 5732  0 
 5733  0 
 5734  0 
 5735  1 
 5736  0 
 5737  2 
 5738  0 
 5739  1 
 5740  1 
 5741  3 
 5742  2 
 5743  0 
 5744  1 
 5745  0 
 5746  0 
 5747  0 
 5748  1 
 5749  3 
 5750  1 
 5751  3 
 5752  1 
 5753  0 
 5754  0 
 5755  0 
 5756  0 
 5757  0 
 5758  0 
 5759  1 
 5760  3 
 5761  3 
 5762  3 
 5763  2 
 5764  3 
 5765  0 
 5766  2 
 5767  1 
 5768  1 
 5769  1 
 5770  2 
 5771  0 
 5772  2 
 5773  1 
 5774  0 
 5775  1 
 5776  1 
 5777  2 
 5778  1 
 5779  0 
 5780  0 
 5781  1 
 5782  1 
 5783  0 
 5784  0 
 5785  1 
 5786  1 
 5787  1 
 5788  2 
 5789  3 
 5790  2 
 5791  2 
 5792  1 
 5793  4 
 5794  1 
 5795  1 
 5796  2 
 5797  1 
 5798  1 
 5799  0 
 5800  0 
 5801  1 
 5802  3 
 5803  1 
 5804  1 
 5805  0 
 5806  0 
 5807  1 
 5808  1 
 5809  1 
 5810  0 
 5811  2 
 5812  0 
 5813  0 
 5814  0 
 5815  0 
 5816  1 
 5817  0 
 5818  2 
 5819  2 
 5820  0 
 5821  1 
 5822  3 
 5823  1 
 5824  2 
 5825  3 
 5826  0 
 5827  2 
 5828  1 
 5829  1 
 5830  1 
 5831  2 
 5832  3 
 5833  0 
 5834  0 
 5835  3 
 5836  0 
 5837  1 
 5838  0 
 5839  0 
 5840  4 
 5841  3 
 5842  1 
 5843  3 
 5844  0 
 5845  2 
 5846  0 
 5847  0 
 5848  0 
 5849  1 
 5850  0 
 5851  1 
 5852  0 
 5853  0 
 5854  0 
 5855  0 
 5856  4 
 5857  3 
 5858  1 
 5859  0 
 5860  2 
 5861  0 
 5862  0 
 5863  2 
 5864  0 
 5865  1 
 5866  1 
 5867  1 
 5868  3 
 5869  0 
 5870  0 
 5871  1 
 5872  1 
 5873  0 
 5874  1 
 5875  1 
 5876  0 
 5877  1 
 5878  1 
 5879  0 
 5880  0 
 5881  2 
 5882  2 
 5883  2 
 5884  0 
 5885  0 
 5886  1 
 5887  1 
 5888  1 
 5889  1 
 5890  0 
 5891  2 
 5892  3 
 5893  0 
 5894  3 
 5895  2 
 5896  1 
 5897  2 
 5898  0 
 5899  2 
 5900  1 
 5901  0 
 5902  1 
 5903  3 
 5904  3 
 5905  2 
 5906  0 
 5907  3 
 5908  1 
 5909  0 
 5910  1 
 5911  1 
 5912  2 
 5913  1 
 5914  3 
 5915  1 
 5916  3 
 5917  0 
 5918  1 
 5919  2 
 5920  0 
 5921  0 
 5922  3 
 5923  1 
 5924  0 
 5925  1 
 5926  2 
 5927  0 
 5928  0 
 5929  0 
 5930  1 
 5931  2 
 5932  2 
 5933  1 
 5934  0 
 5935  1 
 5936  1 
 5937  3 
 5938  6 
 5939  2 
 5940  0 
 5941  0 
 5942  1 
 5943  2 
 5944  0 
 5945  0 
 5946  2 
 5947  1 
 5948  0 
 5949  0 
 5950  1 
 5951  1 
 5952  2 
 5953  2 
 5954  1 
 5955  0 
 5956  2 
 5957  0 
 5958  2 
 5959  1 
 5960  0 
 5961  1 
 5962  1 
 5963  1 
 5964  1 
 5965  0 
 5966  2 
 5967  1 
 5968  1 
 5969  0 
 5970  2 
 5971  1 
 5972  1 
 5973  1 
 5974  1 
 5975  2 
 5976  2 
 5977  1 
 5978  2 
 5979  1 
 5980  1 
 5981  2 
 5982  0 
 5983  2 
 5984  3 
 5985  1 
 5986  0 
 5987  1 
 5988  1 
 5989  0 
 5990  1 
 5991  1 
 5992  2 
 5993  1 
 5994  2 
 5995  1 
 5996  1 
 5997  1 
 5998  1 
 5999  1 
 6000  1 
 6001  0 
 6002  3 
 6003  3 
 6004  0 
 6005  5 
 6006  1 
 6007  4 
 6008  3 
 6009  0 
 6010  0 
 6011  0 
 6012  1 
 6013  1 
 6014  3 
 6015  1 
 6016  1 
 6017  4 
 6018  2 
 6019  2 
 6020  0 
 6021  0 
 6022  3 
 6023  0 
 6024  4 
 6025  0 
 6026  0 
 6027  2 
 6028  2 
 6029  1 
 6030  1 
 6031  1 
 6032  2 
 6033  4 
 6034  1 
 6035  0 
 6036  2 
 6037  2 
 6038  0 
 6039  1 
 6040  0 
 6041  1 
 6042  6 
 6043  0 
 6044  0 
 6045  1 
 6046  1 
 6047  0 
 6048  1 
 6049  0 
 6050  1 
 6051  1 
 6052  2 
 6053  3 
 6054  1 
 6055  3 
 6056  0 
 6057  1 
 6058  0 
 6059  0 
 6060  3 
 6061  0 
 6062  5 
 6063  0 
 6064  0 
 6065  2 
 6066  2 
 6067  1 
 6068  2 
 6069  2 
 6070  1 
 6071  0 
 6072  0 
 6073  2 
 6074  2 
 6075  2 
 6076  3 
 6077  1 
 6078  1 
 6079  0 
 6080  0 
 6081  0 
 6082  2 
 6083  1 
 6084  1 
 6085  2 
 6086  0 
 6087  3 
 6088  0 
 6089  5 
 6090  3 
 6091  3 
 6092  1 
 6093  1 
 6094  1 
 6095  2 
 6096  2 
 6097  1 
 6098  1 
 6099  1 
 6100  0 
 6101  2 
 6102  4 
 6103  0 
 6104  0 
 6105  3 
 6106  0 
 6107  1 
 6108  2 
 6109  0 
 6110  1 
 6111  0 
 6112  2 
 6113  2 
 6114  0 
 6115  0 
 6116  1 
 6117  2 
 6118  0 
 6119  1 
 6120  0 
 6121  0 
 6122  4 
 6123  3 
 6124  1 
 6125  2 
 6126  1 
 6127  3 
 6128  1 
 6129  0 
 6130  5 
 6131  2 
 6132  1 
 6133  1 
 6134  0 
 6135  3 
 6136  2 
 6137  1 
 6138  1 
 6139  0 
 6140  1 
 6141  4 
 6142  2 
 6143  2 
 6144  0 
 6145  0 
 6146  1 
 6147  1 
 6148  2 
 6149  0 
 6150  2 
 6151  2 
 6152  3 
 6153  0 
 6154  3 
 6155  0 
 6156  2 
 6157  0 
 6158  0 
 6159  3 
 6160  0 
 6161  1 
 6162  0 
 6163  0 
 6164  1 
 6165  2 
 6166  0 
 6167  1 
 6168  1 
 6169  2 
 6170  0 
 6171  1 
 6172  4 
 6173  1 
 6174  2 
 6175  2 
 6176  1 
 6177  0 
 6178  3 
 6179  1 
 6180  3 
 6181  3 
 6182  1 
 6183  3 
 6184  2 
 6185  1 
 6186  2 
 6187  0 
 6188  2 
 6189  1 
 6190  2 
 6191  3 
 6192  0 
 6193  0 
 6194  4 
 6195  2 
 6196  2 
 6197  2 
 6198  6 
 6199  1 
 6200  3 
 6201  3 
 6202  2 
 6203  1 
 6204  0 
 6205  2 
 6206  3 
 6207  0 
 6208  0 
 6209  3 
 6210  3 
 6211  0 
 6212  2 
 6213  0 
 6214  0 
 6215  3 
 6216  1 
 6217  0 
 6218  4 
 6219  2 
 6220  3 
 6221  0 
 6222  2 
 6223  1 
 6224  3 
 6225  2 
 6226  0 
 6227  3 
 6228  1 
 6229  1 
 6230  1 
 6231  1 
 6232  4 
 6233  1 
 6234  2 
 6235  3 
 6236  2 
 6237  1 
 6238  3 
 6239  0 
 6240  2 
 6241  3 
 6242  2 
 6243  0 
 6244  3 
 6245  1 
 6246  3 
 6247  5 
 6248  4 
 6249  1 
 6250  3 
 6251  0 
 6252  0 
 6253  4 
 6254  3 
 6255  4 
 6256  3 
 6257  2 
 6258  1 
 6259  5 
 6260  3 
 6261  9 
 6262  2 
 6263  3 
 6264  2 
 6265  0 
 6266  1 
 6267  1 
 6268  3 
 6269  2 
 6270  0 
 6271  4 
 6272  0 
 6273  4 
 6274  2 
 6275  3 
 6276  1 
 6277  2 
 6278  1 
 6279  1 
 6280  3 
 6281  2 
 6282  3 
 6283  4 
 6284  3 
 6285  7 
 6286  2 
 6287  1 
 6288  0 
 6289  2 
 6290  4 
 6291  2 
 6292  5 
 6293  6 
 6294  1 
 6295  2 
 6296  3 
 6297  2 
 6298  3 
 6299  3 
 6300  2 
 6301  3 
 6302  1 
 6303  0 
 6304  2 
 6305  2 
 6306  1 
 6307  1 
 6308  3 
 6309  1 
 6310  4 
 6311  7 
 6312  4 
 6313  2 
 6314  3 
 6315  2 
 6316  3 
 6317  0 
 6318  2 
 6319  2 
 6320  2 
 6321  4 
 6322  3 
 6323  3 
 6324  0 
 6325  0 
 6326  2 
 6327  4 
 6328  2 
 6329  2 
 6330  5 
 6331  1 
 6332  4 
 6333  2 
 6334  2 
 6335  1 
 6336  1 
 6337  2 
 6338  2 
 6339  5 
 6340  1 
 6341  3 
 6342  1 
 6343  2 
 6344  2 
 6345  2 
 6346  3 
 6347  1 
 6348  2 
 6349  2 
 6350  3 
 6351  0 
 6352  2 
 6353  2 
 6354  2 
 6355  1 
 6356  1 
 6357  2 
 6358  0 
 6359  1 
 6360  4 
 6361  1 
 6362  1 
 6363  3 
 6364  1 
 6365  0 
 6366  1 
 6367  0 
 6368  1 
 6369  3 
 6370  0 
 6371  1 
 6372  0 
 6373  1 
 6374  1 
 6375  0 
 6376  0 
 6377  1 
 6378  1 
 6379  1 
 6380  1 
 6381  3 
 6382  0 
 6383  0 
 6384  1 
 6385  0 
 6386  0 
 6387  0 
 6388  1 
 6389  0 
 6390  0 
 6391  1 
 6392  0 
 6393  0 
 6394  1 
 6395  0 
 6396  1 
 6397  0 
 6398  1 
 6399  0 
 6400  0 
 6401  0 
 6402  0 
 6403  0 
 6404  0 
 6405  1 
 6406  0 
 6407  0 
 6408  0 
 6409  0 
 6410  0 
 6411  0 
 6412  0 
 6413  1 
 6414  0 
 6415  0 
 6416  0 
 6417  0 
 6418  0 
 6419  0 
 6420  0 
 6421  0 
 6422  0 
 6423  0 
 6424  0 
 6425  0 
 6426  0 
 6427  0 
 6428  0 
 6429  0 
 6430  0 
 6431  0 
 6432  0 
 6433  0 
 6434  0 
 6435  0 
 6436  0 
 6437  0 
 6438  0 
 6439  0 
 6440  0 
 6441  0 
 6442  0 
 6443  0 
 6444  0 
 6445  0 
 6446  0 
 6447  0 
 6448  0 
 6449  0 
 6450  0 
 6451  0 
 6452  0 
 6453  0 
 6454  0 
 6455  0 
 6456  0 
 6457  0 
 6458  0 
 6459  0 
 6460  0 
 6461  0 
 6462  0 
 6463  0 
 6464  0 
 6465  0 
 6466  0 
 6467  0 
 6468  0 
 6469  0 
 6470  0 
 6471  0 
 6472  0 
 6473  0 
 6474  1 
 6475  0 
 6476  0 
 6477  0 
 6478  0 
 6479  0 
 6480  0 
 6481  0 
 6482  0 
 6483  0 
 6484  0 
 6485  0 
 6486  0 
 6487  0 
 6488  0 
 6489  0 
 6490  0 
 6491  0 
 6492  0 
 6493  0 
 6494  0 
 6495  0 
 6496  0 
 6497  0 
 6498  0 
 6499  0 
 6500  0 
 6501  0 
 6502  0 
 6503  0 
 6504  0 
 6505  1 
 6506  0 
 6507  0 
 6508  0 
 6509  0 
 6510  0 
 6511  1 
 6512  0 
 6513  0 
 6514  0 
 6515  0 
 6516  0 
 6517  0 
 6518  0 
 6519  0 
 6520  0 
 6521  0 
 6522  0 
 6523  0 
 6524  0 
 6525  0 
 6526  0 
 6527  0 
 6528  0 
 6529  0 
 6530  1 
 6531  0 
 6532  0 
 6533  0 
 6534  1 
 6535  0 
 6536  0 
 6537  0 
 6538  0 
 6539  0 
 6540  0 
 6541  0 
 6542  0 
 6543  0 
 6544  0 
 6545  0 
 6546  0 
 6547  0 
 6548  0 
 6549  0 
 6550  0 
 6551  1 
 6552  0 
 6553  0 
 6554  0 
 6555  0 
 6556  0 
 6557  0 
 6558  0 
 6559  0 
 6560  0 
 6561  0 
 6562  0 
 6563  0 
 6564  0 
 6565  0 
 6566  0 
 6567  1 
 6568  0 
 6569  0 
 6570  0 
 6571  0 
 6572  0 
 6573  0 
 6574  0 
 6575  0 
 6576  0 
 6577  0 
 6578  0 
 6579  0 
 6580  0 
 6581  0 
 6582  0 
 6583  1 
 6584  0 
 6585  0 
 6586  1 
 6587  0 
 6588  0 
 6589  1 
 6590  0 
 6591  1 
 6592  0 
 6593  1 
 6594  1 
 6595  0 
 6596  0 
 6597  0 
 6598  0 
 6599  0 
 6600  0 
 6601  0 
 6602  0 
 6603  0 
 6604  0 
 6605  0 
 6606  0 
 6607  0 
 6608  0 
 6609  0 
 6610  0 
 6611  0 
 6612  0 
 6613  0 
 6614  0 
 6615  0 
 6616  0 
 6617  0 
 6618  0 
 6619  0 
 6620  0 
 6621  1 
 6622  0 
 6623  0 
 6624  0 
 6625  0 
 6626  0 
 6627  0 
 6628  0 
 6629  0 
 6630  0 
 6631  0 
 6632  0 
 6633  1 
 6634  0 
 6635  0 
 6636  0 
 6637  0 
 6638  0 
 6639  0 
 6640  0 
 6641  0 
 6642  0 
 6643  0 
 6644  0 
 6645  0 
 6646  1 
 6647  0 
 6648  0 
 6649  0 
 6650  0 
 6651  0 
 6652  0 
 6653  0 
 6654  0 
 6655  0 
 6656  0 
 6657  0 
 6658  1 
 6659  0 
 6660  1 
 6661  2 
 6662  1 
 6663  0 
 6664  0 
 6665  0 
 6666  0 
 6667  0 
 6668  0 
 6669  0 
 6670  0 
 6671  0 
 6672  0 
 6673  1 
 6674  0 
 6675  0 
 6676  0 
 6677  0 
 6678  0 
 6679  0 
 6680  0 
 6681  0 
 6682  0 
 6683  0 
 6684  0 
 6685  0 
 6686  0 
 6687  0 
 6688  0 
 6689  0 
 6690  1 
 6691  0 
 6692  1 
 6693  0 
 6694  0 
 6695  1 
 6696  0 
 6697  1 
 6698  0 
 6699  0 
 6700  0 
 6701  2 
 6702  0 
 6703  0 
 6704  0 
 6705  0 
 6706  1 
 6707  0 
 6708  0 
 6709  0 
 6710  0 
 6711  2 
 6712  1 
 6713  1 
 6714  0 
 6715  0 
 6716  0 
 6717  1 
 6718  0 
 6719  0 
 6720  0 
 6721  0 
 6722  2 
 6723  1 
 6724  0 
 6725  0 
 6726  0 
 6727  0 
 6728  1 
 6729  0 
 6730  0 
 6731  1 
 6732  0 
 6733  0 
 6734  1 
 6735  0 
 6736  0 
 6737  2 
 6738  0 
 6739  0 
 6740  0 
 6741  0 
 6742  0 
 6743  1 
 6744  0 
 6745  1 
 6746  0 
 6747  0 
 6748  1 
 6749  1 
 6750  0 
 6751  0 
 6752  0 
 6753  0 
 6754  0 
 6755  1 
 6756  0 
 6757  2 
 6758  0 
 6759  0 
 6760  0 
 6761  1 
 6762  0 
 6763  0 
 6764  0 
 6765  0 
 6766  0 
 6767  1 
 6768  1 
 6769  1 
 6770  0 
 6771  0 
 6772  0 
 6773  0 
 6774  0 
 6775  0 
 6776  0 
 6777  0 
 6778  0 
 6779  0 
 6780  0 
 6781  0 
 6782  0 
 6783  0 
 6784  0 
 6785  1 
 6786  1 
 6787  1 
 6788  0 
 6789  0 
 6790  1 
 6791  0 
 6792  0 
 6793  0 
 6794  0 
 6795  0 
 6796  0 
 6797  1 
 6798  2 
 6799  0 
 6800  0 
 6801  0 
 6802  0 
 6803  0 
 6804  0 
 6805  0 
 6806  0 
 6807  0 
 6808  0 
 6809  0 
 6810  0 
 6811  0 
 6812  0 
 6813  0 
 6814  0 
 6815  0 
 6816  1 
 6817  1 
 6818  1 
 6819  0 
 6820  0 
 6821  0 
 6822  1 
 6823  0 
 6824  0 
 6825  1 
 6826  0 
 6827  1 
 6828  0 
 6829  0 
 6830  0 
 6831  0 
 6832  0 
 6833  0 
 6834  0 
 6835  0 
 6836  0 
 6837  0 
 6838  0 
 6839  0 
 6840  0 
 6841  1 
 6842  0 
 6843  0 
 6844  0 
 6845  0 
 6846  0 
 6847  0 
 6848  0 
 6849  0 
 6850  0 
 6851  0 
 6852  1 
 6853  0 
 6854  0 
 6855  0 
 6856  0 
 6857  0 
 6858  0 
 6859  0 
 6860  0 
 6861  0 
 6862  0 
 6863  0 
 6864  0 
 6865  0 
 6866  0 
 6867  0 
 6868  0 
 6869  0 
 6870  0 
 6871  0 
 6872  0 
 6873  0 
 6874  0 
 6875  0 
 6876  1 
 6877  0 
 6878  0 
 6879  0 
 6880  0 
 6881  0 
 6882  0 
 6883  0 
 6884  0 
 6885  0 
 6886  1 
 6887  0 
 6888  0 
 6889  0 
 6890  0 
 6891  0 
 6892  0 
 6893  0 
 6894  0 
 6895  0 
 6896  0 
 6897  0 
 6898  0 
 6899  0 
 6900  0 
 6901  0 
 6902  0 
 6903  0 
 6904  0 
 6905  0 
 6906  0 
 6907  0 
 6908  0 
 6909  0 
 6910  0 
 6911  0 
 6912  0 
 6913  0 
 6914  0 
 6915  0 
 6916  0 
 6917  0 
 6918  0 
 6919  0 
 6920  0 
 6921  0 
 6922  0 
 6923  0 
 6924  0 
 6925  0 
 6926  0 
 6927  0 
 6928  0 
 6929  0 
 6930  0 
 6931  0 
 6932  0 
 6933  0 
 6934  0 
 6935  0 
 6936  0 
 6937  0 
 6938  0 
 6939  0 
 6940  0 
 6941  0 
 6942  0 
 6943  0 
 6944  0 
 6945  0 
 6946  0 
 6947  0 
 6948  0 
 6949  0 
 6950  0 
 6951  0 
 6952  0 
 6953  0 
 6954  0 
 6955  0 
 6956  0 
 6957  0 
 6958  1 
 6959  0 
 6960  0 
 6961  0 
 6962  0 
 6963  0 
 6964  0 
 6965  0 
 6966  0 
 6967  0 
 6968  0 
 6969  0 
 6970  0 
 6971  0 
 6972  0 
 6973  0 
 6974  0 
 6975  0 
 6976  0 
 6977  0 
 6978  0 
 6979  0 
 6980  0 
 6981  0 
 6982  0 
 6983  0 
 6984  0 
 6985  0 
 6986  0 
 6987  0 
 6988  0 
 6989  0 
 6990  0 
 6991  0 
 6992  0 
 6993  0 
 6994  0 
 6995  0 
 6996  0 
 6997  0 
 6998  0 
 6999  0 
 7000  0 
 7001  0 
 7002  0 
 7003  0 
 7004  0 
 7005  0 
 7006  0 
 7007  0 
 7008  0 
 7009  0 
 7010  0 
 7011  0 
 7012  0 
 7013  0 
 7014  0 
 7015  0 
 7016  0 
 7017  0 
 7018  0 
 7019  0 
 7020  0 
 7021  0 
 7022  0 
 7023  0 
 7024  0 
 7025  0 
 7026  0 
 7027  0 
 7028  0 
 7029  1 
 7030  0 
 7031  0 
 7032  0 
 7033  0 
 7034  0 
 7035  0 
 7036  0 
 7037  0 
 7038  0 
 7039  0 
 7040  0 
 7041  0 
 7042  0 
 7043  1 
 7044  0 
 7045  0 
 7046  0 
 7047  0 
 7048  0 
 7049  0 
 7050  0 
 7051  0 
 7052  0 
 7053  0 
 7054  0 
 7055  0 
 7056  0 
 7057  0 
 7058  0 
 7059  0 
 7060  0 
 7061  0 
 7062  0 
 7063  0 
 7064  0 
 7065  0 
 7066  0 
 7067  0 
 7068  0 
 7069  0 
 7070  0 
 7071  0 
 7072  0 
 7073  0 
 7074  0 
 7075  0 
 7076  0 
 7077  0 
 7078  0 
 7079  0 
 7080  0 
 7081  0 
 7082  0 
 7083  0 
 7084  0 
 7085  0 
 7086  0 
 7087  0 
 7088  0 
 7089  0 
 7090  0 
 7091  0 
 7092  0 
 7093  0 
 7094  0 
 7095  0 
 7096  0 
 7097  0 
 7098  0 
 7099  0 
 7100  0 
 7101  0 
 7102  0 
 7103  0 
 7104  0 
 7105  0 
 7106  0 
 7107  0 
 7108  0 
 7109  0 
 7110  0 
 7111  0 
 7112  0 
 7113  0 
 7114  0 
 7115  0 
 7116  0 
 7117  0 
 7118  0 
 7119  0 
 7120  0 
 7121  0 
 7122  0 
 7123  0 
 7124  0 
 7125  0 
 7126  0 
 7127  0 
 7128  0 
 7129  0 
 7130  0 
 7131  0 
 7132  0 
 7133  0 
 7134  0 
 7135  0 
 7136  0 
 7137  0 
 7138  0 
 7139  0 
 7140  0 
 7141  0 
 7142  0 
 7143  0 
 7144  0 
 7145  0 
 7146  0 
 7147  0 
 7148  0 
 7149  0 
 7150  0 
 7151  0 
 7152  0 
 7153  0 
 7154  0 
 7155  0 
 7156  0 
 7157  0 
 7158  0 
 7159  0 
 7160  0 
 7161  0 
 7162  0 
 7163  0 
 7164  0 
 7165  0 
 7166  0 
 7167  0 
 7168  0 
 7169  0 
 7170  0 
 7171  0 
 7172  0 
 7173  0 
 7174  0 
 7175  0 
 7176  0 
 7177  0 
 7178  0 
 7179  0 
 7180  0 
 7181  0 
 7182  0 
 7183  0 
 7184  0 
 7185  0 
 7186  0 
 7187  0 
 7188  0 
 7189  0 
 7190  0 
 7191  0 
 7192  0 
 7193  0 
 7194  0 
 7195  0 
 7196  0 
 7197  0 
 7198  0 
 7199  0 
 7200  0 
 7201  0 
 7202  0 
 7203  0 
 7204  0 
 7205  0 
 7206  0 
 7207  0 
 7208  0 
 7209  0 
 7210  0 
 7211  0 
 7212  0 
 7213  0 
 7214  0 
 7215  0 
 7216  0 
 7217  0 
 7218  0 
 7219  0 
 7220  0 
 7221  0 
 7222  0 
 7223  0 
 7224  0 
 7225  0 
 7226  0 
 7227  0 
 7228  0 
 7229  0 
 7230  0 
 7231  0 
 7232  0 
 7233  0 
 7234  0 
 7235  0 
 7236  0 
 7237  0 
 7238  0 
 7239  0 
 7240  0 
 7241  0 
 7242  0 
 7243  0 
 7244  0 
 7245  0 
 7246  0 
 7247  0 
 7248  0 
 7249  0 
 7250  0 
 7251  0 
 7252  0 
 7253  0 
 7254  0 
 7255  0 
 7256  0 
 7257  0 
 7258  0 
 7259  0 
 7260  0 
 7261  0 
 7262  0 
 7263  0 
 7264  0 
 7265  0 
 7266  0 
 7267  0 
 7268  0 
 7269  0 
 7270  0 
 7271  0 
 7272  0 
 7273  0 
 7274  0 
 7275  0 
 7276  0 
 7277  0 
 7278  0 
 7279  0 
 7280  0 
 7281  0 
 7282  0 
 7283  0 
 7284  0 
 7285  0 
 7286  0 
 7287  0 
 7288  0 
 7289  0 
 7290  0 
 7291  0 
 7292  0 
 7293  0 
 7294  0 
 7295  0 
 7296  0 
 7297  0 
 7298  0 
 7299  0 
 7300  0 
 7301  0 
 7302  0 
 7303  0 
 7304  0 
 7305  0 
 7306  0 
 7307  0 
 7308  0 
 7309  0 
 7310  0 
 7311  0 
 7312  0 
 7313  0 
 7314  0 
 7315  0 
 7316  0 
 7317  0 
 7318  0 
 7319  0 
 7320  0 
 7321  0 
 7322  0 
 7323  0 
 7324  0 
 7325  0 
 7326  0 
 7327  0 
 7328  0 
 7329  0 
 7330  0 
 7331  0 
 7332  0 
 7333  0 
 7334  0 
 7335  0 
 7336  0 
 7337  0 
 7338  0 
 7339  0 
 7340  0 
 7341  0 
 7342  0 
 7343  0 
 7344  0 
 7345  0 
 7346  0 
 7347  0 
 7348  0 
 7349  0 
 7350  0 
 7351  0 
 7352  0 
 7353  0 
 7354  0 
 7355  0 
 7356  0 
 7357  0 
 7358  0 
 7359  0 
 7360  0 
 7361  0 
 7362  0 
 7363  0 
 7364  0 
 7365  0 
 7366  0 
 7367  0 
 7368  0 
 7369  0 
 7370  0 
 7371  0 
 7372  0 
 7373  0 
 7374  0 
 7375  0 
 7376  0 
 7377  0 
 7378  0 
 7379  0 
 7380  0 
 7381  0 
 7382  0 
 7383  0 
 7384  0 
 7385  0 
 7386  0 
 7387  0 
 7388  0 
 7389  0 
 7390  0 
 7391  0 
 7392  0 
 7393  0 
 7394  0 
 7395  0 
 7396  0 
 7397  0 
 7398  0 
 7399  0 
 7400  0 
 7401  0 
 7402  0 
 7403  0 
 7404  0 
 7405  0 
 7406  0 
 7407  0 
 7408  0 
 7409  0 
 7410  0 
 7411  0 
 7412  0 
 7413  0 
 7414  0 
 7415  0 
 7416  0 
 7417  0 
 7418  0 
 7419  0 
 7420  0 
 7421  0 
 7422  0 
 7423  0 
 7424  0 
 7425  0 
 7426  0 
 7427  0 
 7428  0 
 7429  0 
 7430  0 
 7431  0 
 7432  0 
 7433  0 
 7434  0 
 7435  0 
 7436  0 
 7437  0 
 7438  0 
 7439  0 
 7440  0 
 7441  0 
 7442  0 
 7443  0 
 7444  0 
 7445  0 
 7446  0 
 7447  0 
 7448  0 
 7449  0 
 7450  0 
 7451  0 
 7452  0 
 7453  0 
 7454  0 
 7455  0 
 7456  0 
 7457  0 
 7458  0 
 7459  0 
 7460  0 
 7461  0 
 7462  0 
 7463  0 
 7464  0 
 7465  0 
 7466  0 
 7467  0 
 7468  0 
 7469  0 
 7470  0 
 7471  0 
 7472  0 
 7473  0 
 7474  0 
 7475  0 
 7476  0 
 7477  0 
 7478  0 
 7479  0 
 7480  0 
 7481  0 
 7482  0 
 7483  0 
 7484  0 
 7485  0 
 7486  0 
 7487  0 
 7488  0 
 7489  0 
 7490  0 
 7491  0 
 7492  0 
 7493  0 
 7494  0 
 7495  0 
 7496  0 
 7497  0 
 7498  0 
 7499  0 
 7500  0 
 7501  0 
 7502  0 
 7503  0 
 7504  0 
 7505  0 
 7506  0 
 7507  0 
 7508  0 
 7509  0 
 7510  0 
 7511  0 
 7512  0 
 7513  0 
 7514  0 
 7515  0 
 7516  0 
 7517  0 
 7518  0 
 7519  0 
 7520  0 
 7521  0 
 7522  0 
 7523  0 
 7524  0 
 7525  0 
 7526  0 
 7527  0 
 7528  0 
 7529  0 
 7530  0 
 7531  0 
 7532  0 
 7533  0 
 7534  0 
 7535  0 
 7536  0 
 7537  0 
 7538  0 
 7539  0 
 7540  0 
 7541  0 
 7542  0 
 7543  0 
 7544  0 
 7545  0 
 7546  0 
 7547  0 
 7548  0 
 7549  0 
 7550  0 
 7551  0 
 7552  0 
 7553  0 
 7554  0 
 7555  0 
 7556  0 
 7557  0 
 7558  0 
 7559  0 
 7560  0 
 7561  0 
 7562  0 
 7563  0 
 7564  0 
 7565  0 
 7566  0 
 7567  0 
 7568  0 
 7569  0 
 7570  0 
 7571  0 
 7572  0 
 7573  0 
 7574  0 
 7575  0 
 7576  0 
 7577  0 
 7578  0 
 7579  0 
 7580  0 
 7581  0 
 7582  0 
 7583  0 
 7584  0 
 7585  0 
 7586  0 
 7587  0 
 7588  0 
 7589  0 
 7590  0 
 7591  0 
 7592  0 
 7593  0 
 7594  0 
 7595  0 
 7596  0 
 7597  0 
 7598  0 
 7599  0 
 7600  0 
 7601  0 
 7602  0 
 7603  0 
 7604  0 
 7605  0 
 7606  0 
 7607  0 
 7608  0 
 7609  0 
 7610  0 
 7611  0 
 7612  0 
 7613  0 
 7614  0 
 7615  0 
 7616  0 
 7617  0 
 7618  0 
 7619  0 
 7620  0 
 7621  0 
 7622  0 
 7623  0 
 7624  0 
 7625  0 
 7626  0 
 7627  0 
 7628  0 
 7629  0 
 7630  0 
 7631  0 
 7632  0 
 7633  0 
 7634  0 
 7635  0 
 7636  0 
 7637  0 
 7638  0 
 7639  0 
 7640  0 
 7641  0 
 7642  0 
 7643  0 
 7644  0 
 7645  0 
 7646  0 
 7647  0 
 7648  0 
 7649  0 
 7650  0 
 7651  0 
 7652  0 
 7653  0 
 7654  0 
 7655  0 
 7656  0 
 7657  0 
 7658  0 
 7659  0 
 7660  0 
 7661  0 
 7662  0 
 7663  0 
 7664  0 
 7665  0 
 7666  0 
 7667  0 
 7668  0 
 7669  0 
 7670  0 
 7671  0 
 7672  0 
 7673  0 
 7674  0 
 7675  0 
 7676  0 
 7677  0 
 7678  0 
 7679  0 
 7680  0 
 7681  0 
 7682  0 
 7683  0 
 7684  0 
 7685  0 
 7686  0 
 7687  0 
 7688  0 
 7689  0 
 7690  0 
 7691  0 
 7692  0 
 7693  0 
 7694  0 
 7695  0 
 7696  0 
 7697  0 
 7698  0 
 7699  0 
 7700  0 
 7701  0 
 7702  0 
 7703  0 
 7704  0 
 7705  0 
 7706  0 
 7707  0 
 7708  0 
 7709  0 
 7710  0 
 7711  0 
 7712  0 
 7713  0 
 7714  0 
 7715  0 
 7716  0 
 7717  0 
 7718  0 
 7719  0 
 7720  0 
 7721  0 
 7722  0 
 7723  0 
 7724  0 
 7725  0 
 7726  0 
 7727  0 
 7728  0 
 7729  0 
 7730  0 
 7731  0 
 7732  0 
 7733  0 
 7734  0 
 7735  0 
 7736  0 
 7737  0 
 7738  0 
 7739  0 
 7740  0 
 7741  0 
 7742  0 
 7743  0 
 7744  0 
 7745  0 
 7746  0 
 7747  0 
 7748  0 
 7749  0 
 7750  0 
 7751  0 
 7752  0 
 7753  0 
 7754  0 
 7755  0 
 7756  0 
 7757  0 
 7758  0 
 7759  0 
 7760  0 
 7761  0 
 7762  0 
 7763  0 
 7764  0 
 7765  0 
 7766  0 
 7767  0 
 7768  0 
 7769  0 
 7770  0 
 7771  0 
 7772  0 
 7773  0 
 7774  0 
 7775  0 
 7776  0 
 7777  0 
 7778  0 
 7779  0 
 7780  0 
 7781  0 
 7782  0 
 7783  0 
 7784  0 
 7785  0 
 7786  0 
 7787  0 
 7788  0 
 7789  0 
 7790  0 
 7791  0 
 7792  0 
 7793  0 
 7794  0 
 7795  0 
 7796  0 
 7797  0 
 7798  0 
 7799  0 
 7800  0 
 7801  0 
 7802  0 
 7803  0 
 7804  0 
 7805  0 
 7806  0 
 7807  0 
 7808  0 
 7809  0 
 7810  0 
 7811  0 
 7812  0 
 7813  0 
 7814  0 
 7815  0 
 7816  0 
 7817  0 
 7818  0 
 7819  0 
 7820  0 
 7821  0 
 7822  0 
 7823  0 
 7824  0 
 7825  0 
 7826  0 
 7827  0 
 7828  0 
 7829  0 
 7830  0 
 7831  0 
 7832  0 
 7833  0 
 7834  0 
 7835  0 
 7836  0 
 7837  0 
 7838  0 
 7839  0 
 7840  0 
 7841  0 
 7842  0 
 7843  0 
 7844  0 
 7845  0 
 7846  0 
 7847  0 
 7848  0 
 7849  0 
 7850  0 
 7851  0 
 7852  0 
 7853  0 
 7854  0 
 7855  0 
 7856  0 
 7857  0 
 7858  0 
 7859  0 
 7860  0 
 7861  0 
 7862  0 
 7863  0 
 7864  0 
 7865  0 
 7866  0 
 7867  0 
 7868  0 
 7869  0 
 7870  0 
 7871  0 
 7872  0 
 7873  0 
 7874  0 
 7875  0 
 7876  0 
 7877  0 
 7878  0 
 7879  0 
 7880  0 
 7881  0 
 7882  0 
 7883  0 
 7884  0 
 7885  0 
 7886  0 
 7887  0 
 7888  0 
 7889  0 
 7890  0 
 7891  0 
 7892  0 
 7893  0 
 7894  0 
 7895  1 
 7896  0 
 7897  0 
 7898  0 
 7899  0 
 7900  0 
 7901  0 
 7902  0 
 7903  0 
 7904  0 
 7905  0 
 7906  0 
 7907  0 
 7908  0 
 7909  0 
 7910  0 
 7911  0 
 7912  0 
 7913  0 
 7914  0 
 7915  0 
 7916  0 
 7917  0 
 7918  0 
 7919  0 
 7920  0 
 7921  0 
 7922  0 
 7923  0 
 7924  0 
 7925  0 
 7926  0 
 7927  0 
 7928  0 
 7929  0 
 7930  0 
 7931  0 
 7932  0 
 7933  0 
 7934  0 
 7935  0 
 7936  0 
 7937  0 
 7938  0 
 7939  0 
 7940  0 
 7941  0 
 7942  0 
 7943  0 
 7944  0 
 7945  0 
 7946  0 
 7947  0 
 7948  0 
 7949  0 
 7950  0 
 7951  0 
 7952  0 
 7953  0 
 7954  0 
 7955  0 
 7956  0 
 7957  0 
 7958  0 
 7959  0 
 7960  0 
 7961  0 
 7962  0 
 7963  0 
 7964  0 
 7965  0 
 7966  0 
 7967  0 
 7968  0 
 7969  0 
 7970  0 
 7971  0 
 7972  0 
 7973  0 
 7974  0 
 7975  0 
 7976  0 
 7977  0 
 7978  0 
 7979  0 
 7980  0 
 7981  0 
 7982  0 
 7983  0 
 7984  0 
 7985  0 
 7986  0 
 7987  0 
 7988  0 
 7989  0 
 7990  0 
 7991  0 
 7992  0 
 7993  0 
 7994  0 
 7995  0 
 7996  0 
 7997  0 
 7998  0 
 7999  0 
 8000  0 
 8001  0 
 8002  0 
 8003  0 
 8004  0 
 8005  0 
 8006  0 
 8007  0 
 8008  0 
 8009  0 
 8010  0 
 8011  0 
 8012  0 
 8013  0 
 8014  0 
 8015  0 
 8016  0 
 8017  0 
 8018  0 
 8019  0 
 8020  0 
 8021  0 
 8022  0 
 8023  0 
 8024  0 
 8025  0 
 8026  0 
 8027  0 
 8028  0 
 8029  0 
 8030  0 
 8031  0 
 8032  0 
 8033  0 
 8034  0 
 8035  0 
 8036  0 
 8037  0 
 8038  0 
 8039  0 
 8040  0 
 8041  0 
 8042  0 
 8043  0 
 8044  0 
 8045  0 
 8046  0 
 8047  0 
 8048  0 
 8049  0 
 8050  0 
 8051  0 
 8052  0 
 8053  0 
 8054  0 
 8055  0 
 8056  0 
 8057  0 
 8058  0 
 8059  0 
 8060  0 
 8061  0 
 8062  0 
 8063  0 
 8064  0 
 8065  0 
 8066  0 
 8067  0 
 8068  0 
 8069  0 
 8070  0 
 8071  0 
 8072  0 
 8073  0 
 8074  0 
 8075  0 
 8076  0 
 8077  0 
 8078  0 
 8079  0 
 8080  0 
 8081  0 
 8082  0 
 8083  0 
 8084  0 
 8085  0 
 8086  0 
 8087  0 
 8088  0 
 8089  0 
 8090  0 
 8091  0 
 8092  0 
 8093  0 
 8094  0 
 8095  0 
 8096  0 
 8097  0 
 8098  0 
 8099  0 
 8100  0 
 8101  0 
 8102  0 
 8103  0 
 8104  0 
 8105  0 
 8106  0 
 8107  0 
 8108  0 
 8109  0 
 8110  0 
 8111  0 
 8112  0 
 8113  0 
 8114  0 
 8115  0 
 8116  0 
 8117  0 
 8118  0 
 8119  0 
 8120  0 
 8121  0 
 8122  0 
 8123  0 
 8124  0 
 8125  0 
 8126  0 
 8127  0 
 8128  0 
 8129  0 
 8130  0 
 8131  0 
 8132  0 
 8133  0 
 8134  0 
 8135  0 
 8136  0 
 8137  0 
 8138  0 
 8139  0 
 8140  0 
 8141  0 
 8142  0 
 8143  0 
 8144  0 
 8145  0 
 8146  0 
 8147  0 
 8148  0 
 8149  0 
 8150  0 
 8151  0 
 8152  0 
 8153  0 
 8154  0 
 8155  0 
 8156  0 
 8157  0 
 8158  0 
 8159  0 
 8160  0 
 8161  0 
 8162  0 
 8163  0 
 8164  0 
 8165  0 
 8166  0 
 8167  0 
 8168  0 
 8169  0 
 8170  0 
 8171  0 
 8172  0 
 8173  0 
 8174  0 
 8175  0 
 8176  0 
 8177  0 
 8178  0 
 8179  0 
 8180  0 
 8181  0 
 8182  0 
 8183  0 
 8184  0 
 8185  0 
 8186  0 
 8187  0 
 8188  0 
 8189  0 
 8190  0 
 8191  0 
