 0  257 
 1  259 
 2  0 
 3  0 
 4  0 
 5  0 
 6  0 
 7  0 
 8  0 
 9  0 
 10  0 
 11  0 
 12  0 
 13  0 
 14  0 
 15  0 
 16  0 
 17  0 
 18  0 
 19  0 
 20  0 
 21  0 
 22  0 
 23  0 
 24  0 
 25  0 
 26  0 
 27  0 
 28  0 
 29  0 
 30  0 
 31  0 
 32  0 
 33  0 
 34  0 
 35  0 
 36  0 
 37  0 
 38  0 
 39  0 
 40  0 
 41  0 
 42  0 
 43  0 
 44  0 
 45  0 
 46  0 
 47  0 
 48  0 
 49  0 
 50  0 
 51  0 
 52  0 
 53  0 
 54  0 
 55  0 
 56  0 
 57  0 
 58  0 
 59  0 
 60  0 
 61  0 
 62  0 
 63  0 
 64  0 
 65  0 
 66  0 
 67  0 
 68  0 
 69  0 
 70  0 
 71  0 
 72  0 
 73  0 
 74  0 
 75  0 
 76  0 
 77  0 
 78  0 
 79  0 
 80  0 
 81  0 
 82  0 
 83  0 
 84  0 
 85  0 
 86  0 
 87  0 
 88  0 
 89  0 
 90  0 
 91  0 
 92  0 
 93  0 
 94  0 
 95  0 
 96  0 
 97  0 
 98  0 
 99  0 
 100  0 
 101  0 
 102  0 
 103  0 
 104  0 
 105  0 
 106  0 
 107  0 
 108  0 
 109  0 
 110  0 
 111  0 
 112  0 
 113  0 
 114  0 
 115  0 
 116  0 
 117  0 
 118  0 
 119  0 
 120  0 
 121  0 
 122  0 
 123  0 
 124  0 
 125  0 
 126  0 
 127  0 
 128  0 
 129  0 
 130  0 
 131  0 
 132  0 
 133  0 
 134  0 
 135  0 
 136  0 
 137  0 
 138  0 
 139  0 
 140  0 
 141  0 
 142  0 
 143  0 
 144  0 
 145  0 
 146  0 
 147  0 
 148  0 
 149  0 
 150  0 
 151  0 
 152  0 
 153  0 
 154  0 
 155  0 
 156  0 
 157  0 
 158  0 
 159  0 
 160  0 
 161  0 
 162  0 
 163  0 
 164  0 
 165  0 
 166  0 
 167  0 
 168  0 
 169  0 
 170  0 
 171  0 
 172  0 
 173  0 
 174  0 
 175  0 
 176  0 
 177  0 
 178  0 
 179  0 
 180  0 
 181  0 
 182  0 
 183  0 
 184  0 
 185  0 
 186  0 
 187  0 
 188  0 
 189  0 
 190  0 
 191  0 
 192  0 
 193  0 
 194  0 
 195  0 
 196  0 
 197  0 
 198  0 
 199  0 
 200  0 
 201  0 
 202  0 
 203  0 
 204  0 
 205  0 
 206  0 
 207  0 
 208  0 
 209  0 
 210  0 
 211  0 
 212  0 
 213  0 
 214  0 
 215  0 
 216  0 
 217  0 
 218  0 
 219  0 
 220  0 
 221  0 
 222  0 
 223  0 
 224  0 
 225  0 
 226  0 
 227  0 
 228  0 
 229  0 
 230  0 
 231  0 
 232  0 
 233  0 
 234  0 
 235  0 
 236  0 
 237  0 
 238  0 
 239  0 
 240  0 
 241  0 
 242  0 
 243  0 
 244  0 
 245  0 
 246  0 
 247  0 
 248  0 
 249  0 
 250  0 
 251  0 
 252  0 
 253  0 
 254  0 
 255  0 
 256  0 
 257  0 
 258  0 
 259  0 
 260  0 
 261  0 
 262  0 
 263  0 
 264  0 
 265  0 
 266  0 
 267  0 
 268  0 
 269  0 
 270  0 
 271  0 
 272  0 
 273  0 
 274  0 
 275  0 
 276  0 
 277  0 
 278  0 
 279  0 
 280  0 
 281  0 
 282  0 
 283  0 
 284  0 
 285  0 
 286  0 
 287  0 
 288  0 
 289  0 
 290  0 
 291  0 
 292  0 
 293  0 
 294  0 
 295  0 
 296  0 
 297  0 
 298  0 
 299  0 
 300  0 
 301  0 
 302  0 
 303  0 
 304  0 
 305  0 
 306  0 
 307  0 
 308  0 
 309  0 
 310  0 
 311  0 
 312  0 
 313  0 
 314  0 
 315  0 
 316  0 
 317  0 
 318  0 
 319  0 
 320  0 
 321  0 
 322  0 
 323  0 
 324  0 
 325  0 
 326  0 
 327  0 
 328  0 
 329  0 
 330  0 
 331  0 
 332  0 
 333  0 
 334  0 
 335  0 
 336  0 
 337  0 
 338  0 
 339  0 
 340  0 
 341  0 
 342  0 
 343  0 
 344  0 
 345  0 
 346  0 
 347  0 
 348  0 
 349  0 
 350  0 
 351  0 
 352  0 
 353  0 
 354  0 
 355  0 
 356  0 
 357  0 
 358  0 
 359  0 
 360  0 
 361  0 
 362  0 
 363  0 
 364  0 
 365  0 
 366  0 
 367  0 
 368  0 
 369  0 
 370  0 
 371  0 
 372  0 
 373  0 
 374  0 
 375  0 
 376  0 
 377  0 
 378  0 
 379  0 
 380  0 
 381  0 
 382  0 
 383  0 
 384  0 
 385  0 
 386  0 
 387  0 
 388  0 
 389  0 
 390  0 
 391  0 
 392  0 
 393  0 
 394  0 
 395  0 
 396  0 
 397  0 
 398  0 
 399  0 
 400  0 
 401  0 
 402  0 
 403  0 
 404  0 
 405  0 
 406  0 
 407  0 
 408  0 
 409  0 
 410  0 
 411  0 
 412  0 
 413  0 
 414  0 
 415  0 
 416  0 
 417  0 
 418  0 
 419  0 
 420  0 
 421  0 
 422  0 
 423  0 
 424  0 
 425  0 
 426  0 
 427  0 
 428  0 
 429  0 
 430  0 
 431  0 
 432  0 
 433  0 
 434  0 
 435  0 
 436  0 
 437  0 
 438  0 
 439  0 
 440  0 
 441  0 
 442  0 
 443  0 
 444  0 
 445  0 
 446  0 
 447  0 
 448  0 
 449  0 
 450  0 
 451  0 
 452  0 
 453  0 
 454  0 
 455  0 
 456  0 
 457  0 
 458  0 
 459  0 
 460  0 
 461  0 
 462  0 
 463  0 
 464  0 
 465  0 
 466  0 
 467  0 
 468  0 
 469  0 
 470  0 
 471  0 
 472  0 
 473  0 
 474  0 
 475  0 
 476  0 
 477  0 
 478  0 
 479  0 
 480  0 
 481  0 
 482  0 
 483  0 
 484  0 
 485  0 
 486  0 
 487  0 
 488  0 
 489  0 
 490  2 
 491  3 
 492  1 
 493  0 
 494  0 
 495  3 
 496  1 
 497  1 
 498  3 
 499  2 
 500  1 
 501  6 
 502  1 
 503  0 
 504  2 
 505  2 
 506  2 
 507  3 
 508  1 
 509  3 
 510  1 
 511  3 
 512  1 
 513  3 
 514  1 
 515  1 
 516  0 
 517  1 
 518  4 
 519  1 
 520  1 
 521  2 
 522  3 
 523  0 
 524  1 
 525  1 
 526  3 
 527  3 
 528  0 
 529  2 
 530  3 
 531  2 
 532  1 
 533  1 
 534  3 
 535  0 
 536  2 
 537  0 
 538  1 
 539  3 
 540  1 
 541  3 
 542  3 
 543  3 
 544  4 
 545  3 
 546  1 
 547  1 
 548  0 
 549  1 
 550  2 
 551  2 
 552  2 
 553  1 
 554  0 
 555  2 
 556  1 
 557  2 
 558  1 
 559  1 
 560  2 
 561  2 
 562  3 
 563  2 
 564  4 
 565  1 
 566  3 
 567  3 
 568  1 
 569  2 
 570  3 
 571  2 
 572  2 
 573  0 
 574  2 
 575  1 
 576  3 
 577  3 
 578  2 
 579  1 
 580  2 
 581  2 
 582  0 
 583  1 
 584  1 
 585  1 
 586  3 
 587  1 
 588  2 
 589  2 
 590  1 
 591  5 
 592  2 
 593  1 
 594  0 
 595  4 
 596  3 
 597  3 
 598  0 
 599  0 
 600  0 
 601  3 
 602  0 
 603  2 
 604  0 
 605  2 
 606  4 
 607  4 
 608  3 
 609  1 
 610  0 
 611  3 
 612  2 
 613  1 
 614  2 
 615  4 
 616  1 
 617  1 
 618  4 
 619  1 
 620  2 
 621  0 
 622  2 
 623  4 
 624  3 
 625  3 
 626  0 
 627  3 
 628  3 
 629  3 
 630  2 
 631  1 
 632  1 
 633  3 
 634  0 
 635  0 
 636  1 
 637  2 
 638  2 
 639  0 
 640  2 
 641  4 
 642  2 
 643  1 
 644  3 
 645  2 
 646  0 
 647  4 
 648  0 
 649  2 
 650  2 
 651  1 
 652  4 
 653  2 
 654  1 
 655  1 
 656  2 
 657  2 
 658  1 
 659  0 
 660  4 
 661  1 
 662  1 
 663  2 
 664  2 
 665  5 
 666  1 
 667  2 
 668  1 
 669  1 
 670  2 
 671  3 
 672  1 
 673  1 
 674  1 
 675  5 
 676  1 
 677  1 
 678  5 
 679  1 
 680  3 
 681  1 
 682  0 
 683  0 
 684  1 
 685  5 
 686  0 
 687  2 
 688  0 
 689  5 
 690  0 
 691  2 
 692  1 
 693  0 
 694  3 
 695  2 
 696  2 
 697  3 
 698  3 
 699  3 
 700  1 
 701  1 
 702  4 
 703  1 
 704  3 
 705  2 
 706  1 
 707  2 
 708  2 
 709  1 
 710  2 
 711  0 
 712  3 
 713  2 
 714  2 
 715  1 
 716  0 
 717  4 
 718  1 
 719  1 
 720  1 
 721  4 
 722  1 
 723  2 
 724  0 
 725  6 
 726  0 
 727  2 
 728  0 
 729  1 
 730  2 
 731  2 
 732  0 
 733  2 
 734  1 
 735  1 
 736  1 
 737  1 
 738  1 
 739  2 
 740  0 
 741  2 
 742  3 
 743  2 
 744  2 
 745  1 
 746  2 
 747  3 
 748  1 
 749  3 
 750  3 
 751  2 
 752  3 
 753  1 
 754  2 
 755  3 
 756  1 
 757  1 
 758  2 
 759  2 
 760  2 
 761  3 
 762  4 
 763  4 
 764  3 
 765  1 
 766  1 
 767  1 
 768  0 
 769  3 
 770  0 
 771  2 
 772  2 
 773  1 
 774  2 
 775  1 
 776  2 
 777  1 
 778  2 
 779  3 
 780  1 
 781  2 
 782  3 
 783  1 
 784  2 
 785  1 
 786  2 
 787  1 
 788  0 
 789  3 
 790  3 
 791  2 
 792  1 
 793  1 
 794  1 
 795  3 
 796  3 
 797  3 
 798  0 
 799  7 
 800  2 
 801  2 
 802  2 
 803  3 
 804  3 
 805  1 
 806  1 
 807  0 
 808  0 
 809  1 
 810  2 
 811  2 
 812  3 
 813  3 
 814  1 
 815  0 
 816  1 
 817  0 
 818  1 
 819  3 
 820  2 
 821  1 
 822  4 
 823  2 
 824  2 
 825  3 
 826  0 
 827  0 
 828  0 
 829  4 
 830  0 
 831  1 
 832  1 
 833  1 
 834  0 
 835  0 
 836  1 
 837  0 
 838  3 
 839  1 
 840  5 
 841  1 
 842  3 
 843  1 
 844  5 
 845  2 
 846  2 
 847  2 
 848  2 
 849  0 
 850  2 
 851  2 
 852  3 
 853  1 
 854  0 
 855  1 
 856  0 
 857  1 
 858  0 
 859  0 
 860  1 
 861  1 
 862  1 
 863  1 
 864  2 
 865  1 
 866  3 
 867  3 
 868  3 
 869  2 
 870  2 
 871  0 
 872  1 
 873  2 
 874  2 
 875  1 
 876  1 
 877  0 
 878  4 
 879  2 
 880  2 
 881  0 
 882  2 
 883  2 
 884  2 
 885  0 
 886  1 
 887  2 
 888  1 
 889  0 
 890  3 
 891  1 
 892  1 
 893  2 
 894  0 
 895  1 
 896  1 
 897  1 
 898  4 
 899  2 
 900  3 
 901  1 
 902  1 
 903  2 
 904  2 
 905  3 
 906  2 
 907  1 
 908  2 
 909  0 
 910  3 
 911  1 
 912  2 
 913  1 
 914  1 
 915  1 
 916  0 
 917  0 
 918  0 
 919  4 
 920  3 
 921  1 
 922  1 
 923  1 
 924  2 
 925  2 
 926  1 
 927  1 
 928  3 
 929  1 
 930  2 
 931  4 
 932  1 
 933  1 
 934  2 
 935  2 
 936  2 
 937  2 
 938  6 
 939  1 
 940  1 
 941  1 
 942  1 
 943  1 
 944  0 
 945  3 
 946  2 
 947  1 
 948  3 
 949  0 
 950  1 
 951  3 
 952  0 
 953  1 
 954  1 
 955  1 
 956  1 
 957  0 
 958  1 
 959  1 
 960  1 
 961  2 
 962  2 
 963  1 
 964  0 
 965  1 
 966  4 
 967  2 
 968  0 
 969  3 
 970  2 
 971  2 
 972  3 
 973  2 
 974  0 
 975  0 
 976  1 
 977  0 
 978  4 
 979  1 
 980  2 
 981  1 
 982  1 
 983  1 
 984  0 
 985  1 
 986  1 
 987  0 
 988  1 
 989  1 
 990  2 
 991  0 
 992  1 
 993  3 
 994  5 
 995  0 
 996  1 
 997  3 
 998  1 
 999  0 
 1000  1 
 1001  2 
 1002  0 
 1003  0 
 1004  3 
 1005  3 
 1006  0 
 1007  0 
 1008  3 
 1009  2 
 1010  2 
 1011  4 
 1012  2 
 1013  0 
 1014  1 
 1015  3 
 1016  1 
 1017  1 
 1018  1 
 1019  1 
 1020  2 
 1021  2 
 1022  0 
 1023  3 
 1024  1 
 1025  2 
 1026  1 
 1027  0 
 1028  0 
 1029  0 
 1030  3 
 1031  0 
 1032  2 
 1033  1 
 1034  6 
 1035  2 
 1036  2 
 1037  3 
 1038  1 
 1039  1 
 1040  0 
 1041  1 
 1042  1 
 1043  1 
 1044  1 
 1045  1 
 1046  1 
 1047  1 
 1048  2 
 1049  2 
 1050  1 
 1051  3 
 1052  0 
 1053  1 
 1054  1 
 1055  1 
 1056  0 
 1057  1 
 1058  1 
 1059  1 
 1060  2 
 1061  0 
 1062  1 
 1063  1 
 1064  2 
 1065  1 
 1066  5 
 1067  0 
 1068  2 
 1069  0 
 1070  1 
 1071  1 
 1072  0 
 1073  3 
 1074  2 
 1075  1 
 1076  0 
 1077  3 
 1078  1 
 1079  0 
 1080  3 
 1081  2 
 1082  2 
 1083  3 
 1084  0 
 1085  1 
 1086  1 
 1087  2 
 1088  0 
 1089  4 
 1090  0 
 1091  2 
 1092  1 
 1093  4 
 1094  0 
 1095  0 
 1096  1 
 1097  0 
 1098  1 
 1099  2 
 1100  2 
 1101  4 
 1102  4 
 1103  0 
 1104  1 
 1105  2 
 1106  0 
 1107  3 
 1108  0 
 1109  1 
 1110  3 
 1111  2 
 1112  2 
 1113  1 
 1114  1 
 1115  1 
 1116  1 
 1117  2 
 1118  1 
 1119  1 
 1120  1 
 1121  2 
 1122  2 
 1123  1 
 1124  1 
 1125  0 
 1126  0 
 1127  1 
 1128  4 
 1129  4 
 1130  0 
 1131  3 
 1132  0 
 1133  1 
 1134  0 
 1135  0 
 1136  0 
 1137  0 
 1138  0 
 1139  3 
 1140  1 
 1141  2 
 1142  0 
 1143  2 
 1144  0 
 1145  0 
 1146  3 
 1147  0 
 1148  1 
 1149  2 
 1150  1 
 1151  4 
 1152  5 
 1153  3 
 1154  2 
 1155  5 
 1156  1 
 1157  1 
 1158  1 
 1159  2 
 1160  0 
 1161  0 
 1162  0 
 1163  1 
 1164  1 
 1165  0 
 1166  2 
 1167  1 
 1168  2 
 1169  2 
 1170  1 
 1171  0 
 1172  0 
 1173  1 
 1174  1 
 1175  2 
 1176  3 
 1177  2 
 1178  1 
 1179  1 
 1180  1 
 1181  3 
 1182  3 
 1183  3 
 1184  3 
 1185  2 
 1186  0 
 1187  1 
 1188  0 
 1189  2 
 1190  1 
 1191  0 
 1192  0 
 1193  1 
 1194  1 
 1195  2 
 1196  5 
 1197  0 
 1198  0 
 1199  1 
 1200  2 
 1201  1 
 1202  1 
 1203  1 
 1204  2 
 1205  0 
 1206  3 
 1207  1 
 1208  1 
 1209  2 
 1210  1 
 1211  0 
 1212  3 
 1213  1 
 1214  0 
 1215  0 
 1216  3 
 1217  2 
 1218  0 
 1219  0 
 1220  1 
 1221  0 
 1222  1 
 1223  0 
 1224  2 
 1225  0 
 1226  1 
 1227  2 
 1228  0 
 1229  1 
 1230  0 
 1231  0 
 1232  3 
 1233  0 
 1234  1 
 1235  2 
 1236  2 
 1237  3 
 1238  3 
 1239  0 
 1240  2 
 1241  0 
 1242  0 
 1243  2 
 1244  3 
 1245  1 
 1246  1 
 1247  2 
 1248  1 
 1249  2 
 1250  0 
 1251  2 
 1252  0 
 1253  1 
 1254  0 
 1255  2 
 1256  2 
 1257  3 
 1258  1 
 1259  1 
 1260  2 
 1261  1 
 1262  3 
 1263  1 
 1264  0 
 1265  0 
 1266  1 
 1267  1 
 1268  3 
 1269  2 
 1270  1 
 1271  2 
 1272  1 
 1273  1 
 1274  0 
 1275  2 
 1276  1 
 1277  1 
 1278  2 
 1279  1 
 1280  1 
 1281  1 
 1282  0 
 1283  1 
 1284  1 
 1285  1 
 1286  2 
 1287  1 
 1288  1 
 1289  0 
 1290  1 
 1291  0 
 1292  1 
 1293  1 
 1294  1 
 1295  0 
 1296  1 
 1297  0 
 1298  1 
 1299  2 
 1300  0 
 1301  0 
 1302  2 
 1303  4 
 1304  3 
 1305  2 
 1306  3 
 1307  1 
 1308  2 
 1309  3 
 1310  3 
 1311  0 
 1312  0 
 1313  2 
 1314  1 
 1315  2 
 1316  4 
 1317  2 
 1318  0 
 1319  3 
 1320  1 
 1321  1 
 1322  2 
 1323  2 
 1324  2 
 1325  4 
 1326  3 
 1327  4 
 1328  0 
 1329  2 
 1330  2 
 1331  2 
 1332  2 
 1333  5 
 1334  3 
 1335  0 
 1336  2 
 1337  1 
 1338  1 
 1339  1 
 1340  2 
 1341  0 
 1342  1 
 1343  2 
 1344  2 
 1345  1 
 1346  2 
 1347  1 
 1348  1 
 1349  1 
 1350  1 
 1351  1 
 1352  0 
 1353  0 
 1354  2 
 1355  1 
 1356  0 
 1357  1 
 1358  2 
 1359  1 
 1360  1 
 1361  1 
 1362  1 
 1363  1 
 1364  1 
 1365  0 
 1366  2 
 1367  3 
 1368  1 
 1369  2 
 1370  2 
 1371  0 
 1372  2 
 1373  0 
 1374  1 
 1375  0 
 1376  0 
 1377  4 
 1378  3 
 1379  1 
 1380  2 
 1381  0 
 1382  1 
 1383  0 
 1384  1 
 1385  1 
 1386  3 
 1387  0 
 1388  1 
 1389  0 
 1390  2 
 1391  0 
 1392  1 
 1393  1 
 1394  1 
 1395  1 
 1396  0 
 1397  1 
 1398  1 
 1399  1 
 1400  1 
 1401  0 
 1402  1 
 1403  1 
 1404  1 
 1405  0 
 1406  2 
 1407  3 
 1408  3 
 1409  1 
 1410  2 
 1411  3 
 1412  4 
 1413  1 
 1414  1 
 1415  1 
 1416  1 
 1417  0 
 1418  1 
 1419  1 
 1420  3 
 1421  2 
 1422  1 
 1423  1 
 1424  1 
 1425  4 
 1426  1 
 1427  3 
 1428  0 
 1429  0 
 1430  0 
 1431  2 
 1432  0 
 1433  2 
 1434  3 
 1435  4 
 1436  1 
 1437  2 
 1438  1 
 1439  2 
 1440  1 
 1441  2 
 1442  4 
 1443  1 
 1444  0 
 1445  1 
 1446  2 
 1447  0 
 1448  0 
 1449  2 
 1450  1 
 1451  1 
 1452  2 
 1453  1 
 1454  0 
 1455  4 
 1456  0 
 1457  2 
 1458  2 
 1459  1 
 1460  1 
 1461  2 
 1462  0 
 1463  4 
 1464  0 
 1465  0 
 1466  1 
 1467  1 
 1468  0 
 1469  2 
 1470  2 
 1471  0 
 1472  2 
 1473  0 
 1474  3 
 1475  0 
 1476  2 
 1477  2 
 1478  0 
 1479  0 
 1480  6 
 1481  0 
 1482  1 
 1483  1 
 1484  1 
 1485  0 
 1486  1 
 1487  0 
 1488  0 
 1489  1 
 1490  0 
 1491  2 
 1492  5 
 1493  0 
 1494  3 
 1495  2 
 1496  0 
 1497  1 
 1498  1 
 1499  2 
 1500  0 
 1501  0 
 1502  1 
 1503  1 
 1504  1 
 1505  1 
 1506  3 
 1507  1 
 1508  0 
 1509  0 
 1510  1 
 1511  2 
 1512  0 
 1513  1 
 1514  5 
 1515  1 
 1516  2 
 1517  0 
 1518  1 
 1519  2 
 1520  2 
 1521  1 
 1522  2 
 1523  0 
 1524  2 
 1525  1 
 1526  5 
 1527  2 
 1528  1 
 1529  1 
 1530  0 
 1531  1 
 1532  2 
 1533  1 
 1534  0 
 1535  3 
 1536  2 
 1537  2 
 1538  0 
 1539  0 
 1540  2 
 1541  2 
 1542  1 
 1543  2 
 1544  3 
 1545  2 
 1546  0 
 1547  0 
 1548  1 
 1549  5 
 1550  1 
 1551  1 
 1552  0 
 1553  1 
 1554  0 
 1555  1 
 1556  0 
 1557  1 
 1558  1 
 1559  0 
 1560  0 
 1561  1 
 1562  2 
 1563  0 
 1564  2 
 1565  0 
 1566  1 
 1567  0 
 1568  1 
 1569  0 
 1570  1 
 1571  5 
 1572  4 
 1573  0 
 1574  1 
 1575  0 
 1576  2 
 1577  1 
 1578  1 
 1579  2 
 1580  3 
 1581  0 
 1582  2 
 1583  1 
 1584  2 
 1585  1 
 1586  2 
 1587  0 
 1588  0 
 1589  2 
 1590  3 
 1591  1 
 1592  2 
 1593  0 
 1594  3 
 1595  3 
 1596  1 
 1597  3 
 1598  2 
 1599  0 
 1600  2 
 1601  3 
 1602  1 
 1603  2 
 1604  2 
 1605  0 
 1606  0 
 1607  1 
 1608  2 
 1609  0 
 1610  0 
 1611  0 
 1612  0 
 1613  2 
 1614  0 
 1615  2 
 1616  2 
 1617  2 
 1618  2 
 1619  0 
 1620  0 
 1621  1 
 1622  0 
 1623  1 
 1624  1 
 1625  1 
 1626  1 
 1627  0 
 1628  2 
 1629  1 
 1630  1 
 1631  0 
 1632  4 
 1633  5 
 1634  2 
 1635  1 
 1636  2 
 1637  3 
 1638  0 
 1639  2 
 1640  0 
 1641  3 
 1642  1 
 1643  3 
 1644  2 
 1645  1 
 1646  4 
 1647  2 
 1648  1 
 1649  0 
 1650  3 
 1651  0 
 1652  0 
 1653  0 
 1654  1 
 1655  0 
 1656  1 
 1657  1 
 1658  1 
 1659  3 
 1660  1 
 1661  2 
 1662  1 
 1663  3 
 1664  0 
 1665  0 
 1666  0 
 1667  0 
 1668  2 
 1669  2 
 1670  1 
 1671  1 
 1672  0 
 1673  2 
 1674  1 
 1675  2 
 1676  2 
 1677  0 
 1678  0 
 1679  3 
 1680  0 
 1681  0 
 1682  0 
 1683  2 
 1684  3 
 1685  1 
 1686  1 
 1687  0 
 1688  0 
 1689  2 
 1690  1 
 1691  1 
 1692  1 
 1693  1 
 1694  0 
 1695  0 
 1696  2 
 1697  1 
 1698  2 
 1699  1 
 1700  4 
 1701  2 
 1702  1 
 1703  4 
 1704  1 
 1705  0 
 1706  1 
 1707  1 
 1708  1 
 1709  3 
 1710  3 
 1711  1 
 1712  2 
 1713  0 
 1714  1 
 1715  1 
 1716  0 
 1717  1 
 1718  1 
 1719  3 
 1720  1 
 1721  0 
 1722  4 
 1723  0 
 1724  0 
 1725  0 
 1726  1 
 1727  0 
 1728  3 
 1729  1 
 1730  1 
 1731  0 
 1732  2 
 1733  4 
 1734  1 
 1735  1 
 1736  1 
 1737  0 
 1738  2 
 1739  1 
 1740  2 
 1741  0 
 1742  0 
 1743  1 
 1744  0 
 1745  1 
 1746  0 
 1747  2 
 1748  4 
 1749  2 
 1750  1 
 1751  0 
 1752  1 
 1753  3 
 1754  2 
 1755  1 
 1756  2 
 1757  1 
 1758  0 
 1759  1 
 1760  0 
 1761  0 
 1762  3 
 1763  0 
 1764  0 
 1765  2 
 1766  0 
 1767  0 
 1768  0 
 1769  0 
 1770  1 
 1771  3 
 1772  2 
 1773  0 
 1774  1 
 1775  0 
 1776  2 
 1777  3 
 1778  0 
 1779  4 
 1780  2 
 1781  1 
 1782  2 
 1783  1 
 1784  0 
 1785  3 
 1786  0 
 1787  3 
 1788  2 
 1789  0 
 1790  1 
 1791  2 
 1792  1 
 1793  1 
 1794  0 
 1795  3 
 1796  1 
 1797  0 
 1798  1 
 1799  0 
 1800  1 
 1801  2 
 1802  1 
 1803  3 
 1804  0 
 1805  1 
 1806  1 
 1807  1 
 1808  0 
 1809  1 
 1810  3 
 1811  0 
 1812  2 
 1813  4 
 1814  3 
 1815  2 
 1816  3 
 1817  1 
 1818  2 
 1819  4 
 1820  2 
 1821  2 
 1822  2 
 1823  3 
 1824  2 
 1825  2 
 1826  1 
 1827  1 
 1828  0 
 1829  3 
 1830  0 
 1831  1 
 1832  0 
 1833  1 
 1834  2 
 1835  2 
 1836  2 
 1837  0 
 1838  2 
 1839  3 
 1840  3 
 1841  3 
 1842  0 
 1843  4 
 1844  1 
 1845  1 
 1846  1 
 1847  0 
 1848  4 
 1849  0 
 1850  0 
 1851  3 
 1852  4 
 1853  0 
 1854  1 
 1855  1 
 1856  3 
 1857  1 
 1858  2 
 1859  1 
 1860  0 
 1861  2 
 1862  4 
 1863  2 
 1864  0 
 1865  0 
 1866  1 
 1867  0 
 1868  2 
 1869  2 
 1870  1 
 1871  1 
 1872  3 
 1873  1 
 1874  0 
 1875  1 
 1876  2 
 1877  2 
 1878  1 
 1879  4 
 1880  1 
 1881  1 
 1882  0 
 1883  5 
 1884  0 
 1885  1 
 1886  0 
 1887  3 
 1888  1 
 1889  1 
 1890  1 
 1891  1 
 1892  1 
 1893  1 
 1894  2 
 1895  1 
 1896  1 
 1897  1 
 1898  4 
 1899  2 
 1900  0 
 1901  0 
 1902  0 
 1903  1 
 1904  1 
 1905  3 
 1906  0 
 1907  2 
 1908  1 
 1909  0 
 1910  0 
 1911  1 
 1912  2 
 1913  1 
 1914  0 
 1915  3 
 1916  1 
 1917  1 
 1918  1 
 1919  2 
 1920  0 
 1921  1 
 1922  0 
 1923  1 
 1924  0 
 1925  2 
 1926  3 
 1927  0 
 1928  3 
 1929  1 
 1930  2 
 1931  0 
 1932  1 
 1933  0 
 1934  0 
 1935  0 
 1936  0 
 1937  1 
 1938  1 
 1939  2 
 1940  0 
 1941  2 
 1942  3 
 1943  1 
 1944  0 
 1945  1 
 1946  1 
 1947  2 
 1948  1 
 1949  1 
 1950  2 
 1951  2 
 1952  0 
 1953  2 
 1954  2 
 1955  2 
 1956  1 
 1957  0 
 1958  2 
 1959  1 
 1960  0 
 1961  2 
 1962  5 
 1963  4 
 1964  0 
 1965  2 
 1966  0 
 1967  1 
 1968  1 
 1969  2 
 1970  2 
 1971  1 
 1972  2 
 1973  2 
 1974  0 
 1975  2 
 1976  0 
 1977  4 
 1978  1 
 1979  3 
 1980  1 
 1981  0 
 1982  1 
 1983  1 
 1984  2 
 1985  1 
 1986  2 
 1987  3 
 1988  1 
 1989  0 
 1990  1 
 1991  0 
 1992  4 
 1993  4 
 1994  5 
 1995  4 
 1996  0 
 1997  3 
 1998  0 
 1999  1 
 2000  2 
 2001  1 
 2002  1 
 2003  1 
 2004  2 
 2005  1 
 2006  2 
 2007  2 
 2008  3 
 2009  2 
 2010  1 
 2011  1 
 2012  1 
 2013  0 
 2014  1 
 2015  2 
 2016  3 
 2017  1 
 2018  4 
 2019  0 
 2020  1 
 2021  1 
 2022  3 
 2023  1 
 2024  2 
 2025  4 
 2026  2 
 2027  1 
 2028  0 
 2029  0 
 2030  3 
 2031  4 
 2032  3 
 2033  1 
 2034  3 
 2035  0 
 2036  1 
 2037  4 
 2038  1 
 2039  3 
 2040  4 
 2041  0 
 2042  2 
 2043  1 
 2044  2 
 2045  0 
 2046  1 
 2047  1 
 2048  0 
 2049  2 
 2050  0 
 2051  1 
 2052  0 
 2053  0 
 2054  1 
 2055  0 
 2056  2 
 2057  5 
 2058  1 
 2059  4 
 2060  0 
 2061  3 
 2062  2 
 2063  0 
 2064  1 
 2065  3 
 2066  2 
 2067  2 
 2068  3 
 2069  1 
 2070  1 
 2071  1 
 2072  1 
 2073  2 
 2074  0 
 2075  1 
 2076  2 
 2077  1 
 2078  2 
 2079  2 
 2080  3 
 2081  2 
 2082  0 
 2083  1 
 2084  0 
 2085  0 
 2086  2 
 2087  2 
 2088  1 
 2089  0 
 2090  1 
 2091  1 
 2092  2 
 2093  2 
 2094  2 
 2095  0 
 2096  0 
 2097  1 
 2098  3 
 2099  2 
 2100  3 
 2101  1 
 2102  3 
 2103  0 
 2104  2 
 2105  1 
 2106  0 
 2107  1 
 2108  0 
 2109  2 
 2110  1 
 2111  3 
 2112  6 
 2113  3 
 2114  0 
 2115  4 
 2116  2 
 2117  1 
 2118  1 
 2119  1 
 2120  1 
 2121  0 
 2122  3 
 2123  1 
 2124  1 
 2125  2 
 2126  2 
 2127  1 
 2128  3 
 2129  1 
 2130  0 
 2131  0 
 2132  3 
 2133  1 
 2134  2 
 2135  1 
 2136  2 
 2137  2 
 2138  2 
 2139  1 
 2140  1 
 2141  0 
 2142  2 
 2143  1 
 2144  3 
 2145  0 
 2146  1 
 2147  1 
 2148  1 
 2149  3 
 2150  1 
 2151  0 
 2152  1 
 2153  1 
 2154  1 
 2155  0 
 2156  3 
 2157  0 
 2158  2 
 2159  4 
 2160  1 
 2161  2 
 2162  0 
 2163  1 
 2164  2 
 2165  3 
 2166  1 
 2167  3 
 2168  3 
 2169  1 
 2170  5 
 2171  2 
 2172  0 
 2173  2 
 2174  2 
 2175  2 
 2176  1 
 2177  4 
 2178  4 
 2179  4 
 2180  2 
 2181  0 
 2182  1 
 2183  2 
 2184  4 
 2185  0 
 2186  3 
 2187  3 
 2188  2 
 2189  0 
 2190  4 
 2191  0 
 2192  1 
 2193  4 
 2194  0 
 2195  3 
 2196  1 
 2197  1 
 2198  0 
 2199  2 
 2200  1 
 2201  1 
 2202  4 
 2203  1 
 2204  4 
 2205  3 
 2206  4 
 2207  4 
 2208  2 
 2209  2 
 2210  2 
 2211  0 
 2212  1 
 2213  2 
 2214  3 
 2215  3 
 2216  3 
 2217  3 
 2218  0 
 2219  1 
 2220  3 
 2221  3 
 2222  1 
 2223  4 
 2224  0 
 2225  4 
 2226  2 
 2227  2 
 2228  4 
 2229  0 
 2230  1 
 2231  1 
 2232  0 
 2233  4 
 2234  1 
 2235  1 
 2236  1 
 2237  2 
 2238  0 
 2239  1 
 2240  5 
 2241  7 
 2242  2 
 2243  3 
 2244  3 
 2245  0 
 2246  0 
 2247  6 
 2248  2 
 2249  3 
 2250  1 
 2251  3 
 2252  5 
 2253  1 
 2254  0 
 2255  4 
 2256  2 
 2257  3 
 2258  0 
 2259  1 
 2260  4 
 2261  0 
 2262  0 
 2263  3 
 2264  2 
 2265  1 
 2266  2 
 2267  1 
 2268  5 
 2269  4 
 2270  2 
 2271  2 
 2272  4 
 2273  1 
 2274  2 
 2275  5 
 2276  2 
 2277  5 
 2278  3 
 2279  0 
 2280  0 
 2281  2 
 2282  1 
 2283  1 
 2284  3 
 2285  1 
 2286  5 
 2287  1 
 2288  2 
 2289  3 
 2290  3 
 2291  1 
 2292  2 
 2293  4 
 2294  1 
 2295  3 
 2296  1 
 2297  0 
 2298  2 
 2299  1 
 2300  3 
 2301  5 
 2302  4 
 2303  2 
 2304  1 
 2305  1 
 2306  1 
 2307  4 
 2308  2 
 2309  1 
 2310  5 
 2311  2 
 2312  2 
 2313  1 
 2314  2 
 2315  1 
 2316  3 
 2317  5 
 2318  1 
 2319  3 
 2320  4 
 2321  1 
 2322  1 
 2323  5 
 2324  1 
 2325  2 
 2326  2 
 2327  1 
 2328  3 
 2329  2 
 2330  2 
 2331  6 
 2332  3 
 2333  2 
 2334  2 
 2335  4 
 2336  3 
 2337  2 
 2338  2 
 2339  4 
 2340  3 
 2341  4 
 2342  4 
 2343  6 
 2344  7 
 2345  6 
 2346  6 
 2347  5 
 2348  4 
 2349  0 
 2350  0 
 2351  8 
 2352  3 
 2353  4 
 2354  5 
 2355  4 
 2356  3 
 2357  1 
 2358  8 
 2359  4 
 2360  1 
 2361  4 
 2362  5 
 2363  3 
 2364  1 
 2365  2 
 2366  1 
 2367  5 
 2368  2 
 2369  5 
 2370  1 
 2371  4 
 2372  2 
 2373  4 
 2374  4 
 2375  2 
 2376  4 
 2377  2 
 2378  6 
 2379  2 
 2380  3 
 2381  5 
 2382  2 
 2383  5 
 2384  7 
 2385  5 
 2386  2 
 2387  6 
 2388  5 
 2389  3 
 2390  9 
 2391  2 
 2392  2 
 2393  5 
 2394  4 
 2395  2 
 2396  1 
 2397  6 
 2398  3 
 2399  3 
 2400  1 
 2401  5 
 2402  1 
 2403  3 
 2404  5 
 2405  2 
 2406  5 
 2407  2 
 2408  1 
 2409  3 
 2410  0 
 2411  1 
 2412  1 
 2413  2 
 2414  1 
 2415  6 
 2416  2 
 2417  4 
 2418  3 
 2419  3 
 2420  5 
 2421  4 
 2422  3 
 2423  6 
 2424  6 
 2425  3 
 2426  3 
 2427  1 
 2428  3 
 2429  2 
 2430  3 
 2431  4 
 2432  5 
 2433  2 
 2434  1 
 2435  4 
 2436  4 
 2437  2 
 2438  6 
 2439  5 
 2440  6 
 2441  2 
 2442  7 
 2443  2 
 2444  6 
 2445  3 
 2446  2 
 2447  4 
 2448  3 
 2449  3 
 2450  5 
 2451  5 
 2452  9 
 2453  3 
 2454  4 
 2455  4 
 2456  6 
 2457  2 
 2458  7 
 2459  3 
 2460  8 
 2461  3 
 2462  5 
 2463  5 
 2464  8 
 2465  3 
 2466  6 
 2467  3 
 2468  7 
 2469  8 
 2470  5 
 2471  1 
 2472  5 
 2473  1 
 2474  7 
 2475  2 
 2476  0 
 2477  5 
 2478  7 
 2479  7 
 2480  3 
 2481  6 
 2482  5 
 2483  7 
 2484  8 
 2485  5 
 2486  5 
 2487  5 
 2488  2 
 2489  3 
 2490  2 
 2491  4 
 2492  5 
 2493  4 
 2494  5 
 2495  8 
 2496  4 
 2497  10 
 2498  9 
 2499  7 
 2500  9 
 2501  6 
 2502  8 
 2503  1 
 2504  7 
 2505  8 
 2506  5 
 2507  12 
 2508  8 
 2509  12 
 2510  6 
 2511  7 
 2512  11 
 2513  10 
 2514  9 
 2515  12 
 2516  11 
 2517  16 
 2518  14 
 2519  14 
 2520  10 
 2521  15 
 2522  15 
 2523  13 
 2524  15 
 2525  12 
 2526  20 
 2527  17 
 2528  9 
 2529  11 
 2530  20 
 2531  16 
 2532  13 
 2533  18 
 2534  18 
 2535  13 
 2536  14 
 2537  8 
 2538  21 
 2539  20 
 2540  20 
 2541  12 
 2542  19 
 2543  21 
 2544  10 
 2545  17 
 2546  18 
 2547  22 
 2548  25 
 2549  21 
 2550  24 
 2551  16 
 2552  18 
 2553  18 
 2554  26 
 2555  11 
 2556  19 
 2557  15 
 2558  29 
 2559  16 
 2560  24 
 2561  18 
 2562  24 
 2563  30 
 2564  28 
 2565  26 
 2566  26 
 2567  31 
 2568  33 
 2569  40 
 2570  32 
 2571  34 
 2572  31 
 2573  33 
 2574  33 
 2575  30 
 2576  44 
 2577  34 
 2578  27 
 2579  37 
 2580  38 
 2581  18 
 2582  43 
 2583  34 
 2584  39 
 2585  28 
 2586  31 
 2587  24 
 2588  27 
 2589  32 
 2590  25 
 2591  21 
 2592  24 
 2593  16 
 2594  23 
 2595  20 
 2596  19 
 2597  22 
 2598  20 
 2599  15 
 2600  25 
 2601  16 
 2602  17 
 2603  10 
 2604  19 
 2605  9 
 2606  17 
 2607  11 
 2608  9 
 2609  9 
 2610  12 
 2611  9 
 2612  10 
 2613  8 
 2614  14 
 2615  12 
 2616  12 
 2617  11 
 2618  12 
 2619  10 
 2620  7 
 2621  10 
 2622  12 
 2623  6 
 2624  7 
 2625  8 
 2626  5 
 2627  11 
 2628  7 
 2629  4 
 2630  5 
 2631  9 
 2632  9 
 2633  5 
 2634  5 
 2635  6 
 2636  8 
 2637  5 
 2638  8 
 2639  1 
 2640  4 
 2641  4 
 2642  7 
 2643  1 
 2644  6 
 2645  6 
 2646  2 
 2647  4 
 2648  6 
 2649  2 
 2650  8 
 2651  3 
 2652  5 
 2653  8 
 2654  7 
 2655  9 
 2656  2 
 2657  5 
 2658  8 
 2659  10 
 2660  3 
 2661  7 
 2662  4 
 2663  3 
 2664  5 
 2665  5 
 2666  4 
 2667  3 
 2668  6 
 2669  2 
 2670  11 
 2671  3 
 2672  6 
 2673  8 
 2674  12 
 2675  6 
 2676  12 
 2677  12 
 2678  8 
 2679  8 
 2680  6 
 2681  6 
 2682  9 
 2683  12 
 2684  10 
 2685  7 
 2686  11 
 2687  15 
 2688  14 
 2689  14 
 2690  30 
 2691  19 
 2692  19 
 2693  28 
 2694  29 
 2695  21 
 2696  30 
 2697  22 
 2698  36 
 2699  40 
 2700  49 
 2701  54 
 2702  38 
 2703  51 
 2704  59 
 2705  63 
 2706  76 
 2707  94 
 2708  103 
 2709  89 
 2710  102 
 2711  98 
 2712  126 
 2713  117 
 2714  120 
 2715  151 
 2716  153 
 2717  140 
 2718  169 
 2719  203 
 2720  185 
 2721  172 
 2722  225 
 2723  185 
 2724  196 
 2725  196 
 2726  232 
 2727  233 
 2728  246 
 2729  220 
 2730  222 
 2731  235 
 2732  223 
 2733  225 
 2734  216 
 2735  219 
 2736  233 
 2737  231 
 2738  198 
 2739  191 
 2740  184 
 2741  187 
 2742  173 
 2743  163 
 2744  187 
 2745  143 
 2746  134 
 2747  140 
 2748  122 
 2749  135 
 2750  116 
 2751  117 
 2752  96 
 2753  82 
 2754  80 
 2755  71 
 2756  60 
 2757  66 
 2758  56 
 2759  47 
 2760  53 
 2761  37 
 2762  28 
 2763  28 
 2764  20 
 2765  15 
 2766  18 
 2767  19 
 2768  12 
 2769  14 
 2770  13 
 2771  12 
 2772  12 
 2773  9 
 2774  11 
 2775  10 
 2776  6 
 2777  10 
 2778  8 
 2779  7 
 2780  5 
 2781  6 
 2782  2 
 2783  1 
 2784  10 
 2785  9 
 2786  9 
 2787  8 
 2788  7 
 2789  4 
 2790  3 
 2791  6 
 2792  5 
 2793  7 
 2794  6 
 2795  3 
 2796  5 
 2797  5 
 2798  3 
 2799  9 
 2800  2 
 2801  8 
 2802  10 
 2803  5 
 2804  7 
 2805  2 
 2806  4 
 2807  8 
 2808  4 
 2809  3 
 2810  8 
 2811  6 
 2812  3 
 2813  2 
 2814  1 
 2815  4 
 2816  6 
 2817  3 
 2818  4 
 2819  6 
 2820  5 
 2821  3 
 2822  8 
 2823  3 
 2824  4 
 2825  2 
 2826  5 
 2827  2 
 2828  3 
 2829  2 
 2830  6 
 2831  4 
 2832  3 
 2833  8 
 2834  2 
 2835  3 
 2836  8 
 2837  6 
 2838  3 
 2839  7 
 2840  2 
 2841  4 
 2842  2 
 2843  5 
 2844  9 
 2845  5 
 2846  6 
 2847  4 
 2848  6 
 2849  7 
 2850  3 
 2851  3 
 2852  7 
 2853  6 
 2854  7 
 2855  10 
 2856  6 
 2857  10 
 2858  3 
 2859  4 
 2860  6 
 2861  9 
 2862  7 
 2863  2 
 2864  4 
 2865  8 
 2866  3 
 2867  5 
 2868  5 
 2869  8 
 2870  8 
 2871  5 
 2872  5 
 2873  9 
 2874  7 
 2875  5 
 2876  7 
 2877  7 
 2878  9 
 2879  4 
 2880  4 
 2881  4 
 2882  4 
 2883  2 
 2884  8 
 2885  6 
 2886  4 
 2887  7 
 2888  8 
 2889  6 
 2890  7 
 2891  5 
 2892  9 
 2893  5 
 2894  4 
 2895  4 
 2896  3 
 2897  5 
 2898  8 
 2899  4 
 2900  4 
 2901  5 
 2902  3 
 2903  6 
 2904  3 
 2905  9 
 2906  11 
 2907  5 
 2908  6 
 2909  4 
 2910  4 
 2911  4 
 2912  6 
 2913  7 
 2914  3 
 2915  8 
 2916  12 
 2917  6 
 2918  5 
 2919  5 
 2920  4 
 2921  6 
 2922  2 
 2923  3 
 2924  6 
 2925  6 
 2926  2 
 2927  6 
 2928  5 
 2929  6 
 2930  7 
 2931  3 
 2932  8 
 2933  0 
 2934  6 
 2935  3 
 2936  10 
 2937  8 
 2938  9 
 2939  5 
 2940  4 
 2941  5 
 2942  4 
 2943  4 
 2944  3 
 2945  12 
 2946  4 
 2947  2 
 2948  4 
 2949  5 
 2950  9 
 2951  9 
 2952  5 
 2953  6 
 2954  9 
 2955  7 
 2956  15 
 2957  7 
 2958  13 
 2959  4 
 2960  7 
 2961  7 
 2962  13 
 2963  11 
 2964  10 
 2965  7 
 2966  12 
 2967  11 
 2968  11 
 2969  11 
 2970  6 
 2971  11 
 2972  12 
 2973  13 
 2974  21 
 2975  9 
 2976  14 
 2977  12 
 2978  17 
 2979  13 
 2980  17 
 2981  18 
 2982  16 
 2983  26 
 2984  22 
 2985  22 
 2986  25 
 2987  28 
 2988  27 
 2989  24 
 2990  28 
 2991  38 
 2992  39 
 2993  35 
 2994  46 
 2995  33 
 2996  44 
 2997  53 
 2998  63 
 2999  64 
 3000  70 
 3001  77 
 3002  94 
 3003  96 
 3004  109 
 3005  128 
 3006  148 
 3007  143 
 3008  168 
 3009  183 
 3010  173 
 3011  166 
 3012  194 
 3013  203 
 3014  259 
 3015  233 
 3016  273 
 3017  297 
 3018  345 
 3019  364 
 3020  396 
 3021  405 
 3022  439 
 3023  468 
 3024  520 
 3025  520 
 3026  521 
 3027  612 
 3028  623 
 3029  642 
 3030  729 
 3031  679 
 3032  726 
 3033  756 
 3034  808 
 3035  758 
 3036  854 
 3037  827 
 3038  849 
 3039  881 
 3040  866 
 3041  895 
 3042  940 
 3043  866 
 3044  857 
 3045  901 
 3046  913 
 3047  893 
 3048  846 
 3049  851 
 3050  778 
 3051  795 
 3052  759 
 3053  689 
 3054  707 
 3055  620 
 3056  619 
 3057  581 
 3058  510 
 3059  486 
 3060  455 
 3061  395 
 3062  434 
 3063  369 
 3064  329 
 3065  310 
 3066  264 
 3067  257 
 3068  256 
 3069  187 
 3070  175 
 3071  141 
 3072  127 
 3073  114 
 3074  94 
 3075  77 
 3076  83 
 3077  76 
 3078  51 
 3079  49 
 3080  33 
 3081  28 
 3082  28 
 3083  22 
 3084  27 
 3085  28 
 3086  14 
 3087  17 
 3088  8 
 3089  6 
 3090  6 
 3091  4 
 3092  0 
 3093  5 
 3094  4 
 3095  1 
 3096  1 
 3097  4 
 3098  3 
 3099  2 
 3100  5 
 3101  1 
 3102  1 
 3103  0 
 3104  0 
 3105  2 
 3106  2 
 3107  1 
 3108  1 
 3109  1 
 3110  0 
 3111  1 
 3112  0 
 3113  1 
 3114  0 
 3115  0 
 3116  0 
 3117  2 
 3118  1 
 3119  0 
 3120  0 
 3121  0 
 3122  0 
 3123  2 
 3124  0 
 3125  0 
 3126  0 
 3127  0 
 3128  0 
 3129  0 
 3130  0 
 3131  0 
 3132  1 
 3133  0 
 3134  1 
 3135  0 
 3136  1 
 3137  0 
 3138  0 
 3139  1 
 3140  0 
 3141  0 
 3142  1 
 3143  0 
 3144  0 
 3145  0 
 3146  1 
 3147  0 
 3148  0 
 3149  1 
 3150  0 
 3151  1 
 3152  1 
 3153  0 
 3154  0 
 3155  0 
 3156  0 
 3157  0 
 3158  1 
 3159  0 
 3160  0 
 3161  0 
 3162  1 
 3163  0 
 3164  0 
 3165  0 
 3166  0 
 3167  0 
 3168  0 
 3169  1 
 3170  2 
 3171  0 
 3172  0 
 3173  0 
 3174  0 
 3175  0 
 3176  0 
 3177  0 
 3178  0 
 3179  0 
 3180  0 
 3181  0 
 3182  0 
 3183  0 
 3184  0 
 3185  0 
 3186  0 
 3187  1 
 3188  0 
 3189  0 
 3190  0 
 3191  0 
 3192  0 
 3193  0 
 3194  0 
 3195  1 
 3196  0 
 3197  0 
 3198  1 
 3199  1 
 3200  0 
 3201  0 
 3202  0 
 3203  0 
 3204  1 
 3205  0 
 3206  0 
 3207  0 
 3208  1 
 3209  0 
 3210  0 
 3211  0 
 3212  0 
 3213  0 
 3214  0 
 3215  0 
 3216  1 
 3217  0 
 3218  0 
 3219  0 
 3220  0 
 3221  0 
 3222  0 
 3223  0 
 3224  0 
 3225  1 
 3226  0 
 3227  0 
 3228  0 
 3229  0 
 3230  0 
 3231  0 
 3232  0 
 3233  0 
 3234  0 
 3235  2 
 3236  0 
 3237  0 
 3238  0 
 3239  0 
 3240  0 
 3241  0 
 3242  0 
 3243  0 
 3244  0 
 3245  1 
 3246  0 
 3247  0 
 3248  0 
 3249  0 
 3250  0 
 3251  0 
 3252  0 
 3253  0 
 3254  2 
 3255  0 
 3256  0 
 3257  0 
 3258  0 
 3259  0 
 3260  0 
 3261  0 
 3262  0 
 3263  0 
 3264  0 
 3265  0 
 3266  0 
 3267  0 
 3268  1 
 3269  0 
 3270  0 
 3271  0 
 3272  0 
 3273  0 
 3274  0 
 3275  0 
 3276  0 
 3277  0 
 3278  0 
 3279  0 
 3280  0 
 3281  0 
 3282  0 
 3283  0 
 3284  0 
 3285  0 
 3286  0 
 3287  0 
 3288  0 
 3289  0 
 3290  0 
 3291  0 
 3292  0 
 3293  0 
 3294  1 
 3295  0 
 3296  0 
 3297  0 
 3298  0 
 3299  0 
 3300  0 
 3301  0 
 3302  0 
 3303  0 
 3304  0 
 3305  0 
 3306  0 
 3307  0 
 3308  0 
 3309  0 
 3310  0 
 3311  0 
 3312  0 
 3313  0 
 3314  0 
 3315  0 
 3316  0 
 3317  0 
 3318  0 
 3319  0 
 3320  0 
 3321  0 
 3322  0 
 3323  0 
 3324  0 
 3325  0 
 3326  0 
 3327  1 
 3328  0 
 3329  0 
 3330  0 
 3331  0 
 3332  0 
 3333  0 
 3334  0 
 3335  0 
 3336  0 
 3337  0 
 3338  0 
 3339  0 
 3340  0 
 3341  0 
 3342  0 
 3343  0 
 3344  0 
 3345  0 
 3346  0 
 3347  0 
 3348  1 
 3349  0 
 3350  0 
 3351  0 
 3352  0 
 3353  0 
 3354  0 
 3355  0 
 3356  0 
 3357  0 
 3358  0 
 3359  0 
 3360  0 
 3361  0 
 3362  0 
 3363  0 
 3364  0 
 3365  0 
 3366  0 
 3367  0 
 3368  0 
 3369  0 
 3370  0 
 3371  0 
 3372  0 
 3373  0 
 3374  0 
 3375  0 
 3376  0 
 3377  0 
 3378  0 
 3379  0 
 3380  0 
 3381  0 
 3382  0 
 3383  0 
 3384  0 
 3385  0 
 3386  0 
 3387  0 
 3388  0 
 3389  0 
 3390  0 
 3391  0 
 3392  0 
 3393  0 
 3394  0 
 3395  0 
 3396  0 
 3397  0 
 3398  0 
 3399  0 
 3400  0 
 3401  0 
 3402  0 
 3403  0 
 3404  0 
 3405  0 
 3406  0 
 3407  0 
 3408  0 
 3409  0 
 3410  0 
 3411  0 
 3412  0 
 3413  0 
 3414  0 
 3415  0 
 3416  0 
 3417  0 
 3418  0 
 3419  0 
 3420  0 
 3421  0 
 3422  0 
 3423  0 
 3424  1 
 3425  0 
 3426  0 
 3427  0 
 3428  0 
 3429  0 
 3430  0 
 3431  0 
 3432  1 
 3433  0 
 3434  0 
 3435  1 
 3436  0 
 3437  0 
 3438  0 
 3439  0 
 3440  0 
 3441  0 
 3442  0 
 3443  0 
 3444  1 
 3445  0 
 3446  0 
 3447  0 
 3448  0 
 3449  0 
 3450  0 
 3451  0 
 3452  0 
 3453  0 
 3454  0 
 3455  0 
 3456  0 
 3457  0 
 3458  0 
 3459  0 
 3460  0 
 3461  0 
 3462  0 
 3463  0 
 3464  0 
 3465  0 
 3466  0 
 3467  0 
 3468  0 
 3469  0 
 3470  0 
 3471  0 
 3472  0 
 3473  1 
 3474  0 
 3475  0 
 3476  0 
 3477  0 
 3478  0 
 3479  0 
 3480  0 
 3481  0 
 3482  0 
 3483  0 
 3484  0 
 3485  0 
 3486  0 
 3487  0 
 3488  0 
 3489  0 
 3490  0 
 3491  0 
 3492  0 
 3493  0 
 3494  0 
 3495  0 
 3496  0 
 3497  0 
 3498  0 
 3499  0 
 3500  0 
 3501  0 
 3502  0 
 3503  0 
 3504  0 
 3505  0 
 3506  0 
 3507  0 
 3508  0 
 3509  0 
 3510  1 
 3511  0 
 3512  0 
 3513  0 
 3514  0 
 3515  0 
 3516  0 
 3517  0 
 3518  0 
 3519  0 
 3520  0 
 3521  0 
 3522  0 
 3523  0 
 3524  0 
 3525  0 
 3526  0 
 3527  0 
 3528  0 
 3529  0 
 3530  0 
 3531  0 
 3532  0 
 3533  0 
 3534  0 
 3535  0 
 3536  0 
 3537  0 
 3538  0 
 3539  0 
 3540  0 
 3541  0 
 3542  0 
 3543  1 
 3544  0 
 3545  0 
 3546  0 
 3547  0 
 3548  0 
 3549  0 
 3550  0 
 3551  0 
 3552  0 
 3553  0 
 3554  0 
 3555  1 
 3556  0 
 3557  0 
 3558  0 
 3559  0 
 3560  0 
 3561  0 
 3562  0 
 3563  0 
 3564  0 
 3565  0 
 3566  0 
 3567  0 
 3568  0 
 3569  0 
 3570  0 
 3571  0 
 3572  0 
 3573  0 
 3574  0 
 3575  0 
 3576  1 
 3577  0 
 3578  0 
 3579  0 
 3580  0 
 3581  0 
 3582  0 
 3583  0 
 3584  0 
 3585  0 
 3586  0 
 3587  0 
 3588  0 
 3589  0 
 3590  0 
 3591  0 
 3592  1 
 3593  0 
 3594  0 
 3595  0 
 3596  0 
 3597  0 
 3598  0 
 3599  0 
 3600  0 
 3601  0 
 3602  0 
 3603  0 
 3604  0 
 3605  0 
 3606  0 
 3607  1 
 3608  0 
 3609  0 
 3610  1 
 3611  0 
 3612  0 
 3613  0 
 3614  0 
 3615  0 
 3616  0 
 3617  0 
 3618  0 
 3619  1 
 3620  0 
 3621  0 
 3622  0 
 3623  0 
 3624  0 
 3625  0 
 3626  0 
 3627  0 
 3628  0 
 3629  0 
 3630  1 
 3631  0 
 3632  0 
 3633  0 
 3634  0 
 3635  0 
 3636  1 
 3637  0 
 3638  0 
 3639  0 
 3640  0 
 3641  0 
 3642  0 
 3643  0 
 3644  0 
 3645  0 
 3646  1 
 3647  0 
 3648  0 
 3649  0 
 3650  0 
 3651  0 
 3652  0 
 3653  0 
 3654  0 
 3655  0 
 3656  0 
 3657  1 
 3658  0 
 3659  0 
 3660  0 
 3661  0 
 3662  0 
 3663  0 
 3664  0 
 3665  0 
 3666  0 
 3667  0 
 3668  0 
 3669  0 
 3670  0 
 3671  0 
 3672  1 
 3673  0 
 3674  0 
 3675  0 
 3676  0 
 3677  0 
 3678  0 
 3679  1 
 3680  0 
 3681  0 
 3682  0 
 3683  0 
 3684  0 
 3685  0 
 3686  1 
 3687  0 
 3688  0 
 3689  0 
 3690  0 
 3691  0 
 3692  0 
 3693  0 
 3694  0 
 3695  0 
 3696  0 
 3697  0 
 3698  0 
 3699  0 
 3700  0 
 3701  0 
 3702  0 
 3703  0 
 3704  0 
 3705  0 
 3706  0 
 3707  0 
 3708  0 
 3709  0 
 3710  0 
 3711  0 
 3712  0 
 3713  0 
 3714  0 
 3715  0 
 3716  0 
 3717  0 
 3718  0 
 3719  0 
 3720  0 
 3721  0 
 3722  0 
 3723  0 
 3724  0 
 3725  1 
 3726  0 
 3727  0 
 3728  0 
 3729  0 
 3730  0 
 3731  0 
 3732  0 
 3733  0 
 3734  0 
 3735  0 
 3736  0 
 3737  0 
 3738  1 
 3739  0 
 3740  0 
 3741  0 
 3742  0 
 3743  0 
 3744  0 
 3745  0 
 3746  0 
 3747  0 
 3748  0 
 3749  0 
 3750  0 
 3751  0 
 3752  0 
 3753  0 
 3754  0 
 3755  0 
 3756  0 
 3757  0 
 3758  0 
 3759  0 
 3760  1 
 3761  0 
 3762  0 
 3763  0 
 3764  0 
 3765  0 
 3766  0 
 3767  0 
 3768  0 
 3769  0 
 3770  0 
 3771  0 
 3772  1 
 3773  0 
 3774  0 
 3775  0 
 3776  0 
 3777  0 
 3778  1 
 3779  0 
 3780  0 
 3781  0 
 3782  0 
 3783  0 
 3784  0 
 3785  0 
 3786  0 
 3787  0 
 3788  0 
 3789  0 
 3790  0 
 3791  0 
 3792  0 
 3793  0 
 3794  0 
 3795  0 
 3796  0 
 3797  0 
 3798  0 
 3799  1 
 3800  0 
 3801  0 
 3802  0 
 3803  2 
 3804  0 
 3805  0 
 3806  0 
 3807  0 
 3808  1 
 3809  0 
 3810  0 
 3811  0 
 3812  0 
 3813  0 
 3814  0 
 3815  0 
 3816  0 
 3817  0 
 3818  0 
 3819  0 
 3820  0 
 3821  0 
 3822  0 
 3823  0 
 3824  0 
 3825  0 
 3826  0 
 3827  0 
 3828  0 
 3829  0 
 3830  0 
 3831  0 
 3832  0 
 3833  0 
 3834  0 
 3835  0 
 3836  0 
 3837  0 
 3838  0 
 3839  0 
 3840  0 
 3841  0 
 3842  0 
 3843  0 
 3844  0 
 3845  0 
 3846  0 
 3847  0 
 3848  0 
 3849  0 
 3850  0 
 3851  0 
 3852  0 
 3853  0 
 3854  0 
 3855  0 
 3856  0 
 3857  0 
 3858  0 
 3859  0 
 3860  1 
 3861  0 
 3862  0 
 3863  0 
 3864  0 
 3865  0 
 3866  0 
 3867  0 
 3868  0 
 3869  0 
 3870  0 
 3871  0 
 3872  0 
 3873  0 
 3874  0 
 3875  0 
 3876  0 
 3877  1 
 3878  0 
 3879  0 
 3880  0 
 3881  0 
 3882  0 
 3883  0 
 3884  0 
 3885  0 
 3886  0 
 3887  0 
 3888  0 
 3889  0 
 3890  0 
 3891  0 
 3892  0 
 3893  0 
 3894  0 
 3895  0 
 3896  1 
 3897  0 
 3898  0 
 3899  0 
 3900  0 
 3901  1 
 3902  0 
 3903  0 
 3904  0 
 3905  0 
 3906  0 
 3907  0 
 3908  0 
 3909  0 
 3910  0 
 3911  0 
 3912  0 
 3913  0 
 3914  1 
 3915  0 
 3916  0 
 3917  1 
 3918  0 
 3919  0 
 3920  0 
 3921  0 
 3922  0 
 3923  0 
 3924  0 
 3925  0 
 3926  0 
 3927  0 
 3928  0 
 3929  0 
 3930  0 
 3931  0 
 3932  0 
 3933  0 
 3934  0 
 3935  0 
 3936  0 
 3937  0 
 3938  0 
 3939  0 
 3940  0 
 3941  0 
 3942  0 
 3943  0 
 3944  0 
 3945  0 
 3946  0 
 3947  0 
 3948  0 
 3949  0 
 3950  0 
 3951  0 
 3952  0 
 3953  0 
 3954  1 
 3955  0 
 3956  0 
 3957  1 
 3958  0 
 3959  0 
 3960  0 
 3961  0 
 3962  0 
 3963  0 
 3964  0 
 3965  0 
 3966  0 
 3967  0 
 3968  0 
 3969  0 
 3970  0 
 3971  0 
 3972  0 
 3973  0 
 3974  0 
 3975  0 
 3976  0 
 3977  0 
 3978  0 
 3979  0 
 3980  0 
 3981  2 
 3982  0 
 3983  0 
 3984  0 
 3985  0 
 3986  0 
 3987  0 
 3988  0 
 3989  0 
 3990  0 
 3991  0 
 3992  0 
 3993  0 
 3994  0 
 3995  0 
 3996  0 
 3997  0 
 3998  0 
 3999  0 
 4000  1 
 4001  0 
 4002  1 
 4003  0 
 4004  0 
 4005  0 
 4006  0 
 4007  0 
 4008  0 
 4009  0 
 4010  0 
 4011  0 
 4012  0 
 4013  0 
 4014  0 
 4015  0 
 4016  0 
 4017  0 
 4018  0 
 4019  0 
 4020  0 
 4021  0 
 4022  0 
 4023  0 
 4024  1 
 4025  1 
 4026  0 
 4027  0 
 4028  0 
 4029  0 
 4030  1 
 4031  0 
 4032  0 
 4033  0 
 4034  0 
 4035  0 
 4036  0 
 4037  0 
 4038  0 
 4039  0 
 4040  0 
 4041  1 
 4042  0 
 4043  0 
 4044  0 
 4045  0 
 4046  0 
 4047  0 
 4048  0 
 4049  0 
 4050  0 
 4051  0 
 4052  0 
 4053  0 
 4054  0 
 4055  0 
 4056  0 
 4057  0 
 4058  0 
 4059  0 
 4060  0 
 4061  0 
 4062  0 
 4063  0 
 4064  0 
 4065  0 
 4066  0 
 4067  0 
 4068  0 
 4069  0 
 4070  0 
 4071  0 
 4072  0 
 4073  0 
 4074  0 
 4075  0 
 4076  0 
 4077  0 
 4078  0 
 4079  0 
 4080  0 
 4081  0 
 4082  0 
 4083  0 
 4084  0 
 4085  0 
 4086  0 
 4087  0 
 4088  0 
 4089  0 
 4090  0 
 4091  0 
 4092  0 
 4093  0 
 4094  0 
 4095  0 
 4096  0 
 4097  0 
 4098  0 
 4099  0 
 4100  0 
 4101  0 
 4102  0 
 4103  0 
 4104  0 
 4105  0 
 4106  0 
 4107  0 
 4108  0 
 4109  0 
 4110  0 
 4111  0 
 4112  0 
 4113  0 
 4114  0 
 4115  0 
 4116  0 
 4117  0 
 4118  0 
 4119  0 
 4120  0 
 4121  0 
 4122  0 
 4123  0 
 4124  0 
 4125  0 
 4126  0 
 4127  0 
 4128  0 
 4129  0 
 4130  1 
 4131  0 
 4132  0 
 4133  0 
 4134  0 
 4135  0 
 4136  0 
 4137  0 
 4138  0 
 4139  0 
 4140  0 
 4141  0 
 4142  0 
 4143  0 
 4144  0 
 4145  0 
 4146  0 
 4147  0 
 4148  0 
 4149  1 
 4150  0 
 4151  0 
 4152  1 
 4153  0 
 4154  0 
 4155  0 
 4156  0 
 4157  0 
 4158  0 
 4159  0 
 4160  0 
 4161  0 
 4162  0 
 4163  0 
 4164  0 
 4165  0 
 4166  0 
 4167  0 
 4168  0 
 4169  1 
 4170  0 
 4171  0 
 4172  0 
 4173  0 
 4174  0 
 4175  1 
 4176  0 
 4177  0 
 4178  0 
 4179  0 
 4180  0 
 4181  0 
 4182  0 
 4183  0 
 4184  0 
 4185  0 
 4186  0 
 4187  0 
 4188  0 
 4189  0 
 4190  0 
 4191  0 
 4192  0 
 4193  0 
 4194  0 
 4195  0 
 4196  0 
 4197  0 
 4198  0 
 4199  0 
 4200  0 
 4201  0 
 4202  0 
 4203  0 
 4204  0 
 4205  0 
 4206  0 
 4207  0 
 4208  0 
 4209  0 
 4210  0 
 4211  0 
 4212  0 
 4213  0 
 4214  0 
 4215  0 
 4216  0 
 4217  0 
 4218  0 
 4219  0 
 4220  0 
 4221  0 
 4222  0 
 4223  0 
 4224  0 
 4225  0 
 4226  0 
 4227  0 
 4228  0 
 4229  0 
 4230  0 
 4231  0 
 4232  0 
 4233  0 
 4234  0 
 4235  0 
 4236  0 
 4237  0 
 4238  0 
 4239  0 
 4240  0 
 4241  1 
 4242  0 
 4243  0 
 4244  0 
 4245  0 
 4246  0 
 4247  0 
 4248  0 
 4249  0 
 4250  0 
 4251  1 
 4252  0 
 4253  0 
 4254  0 
 4255  0 
 4256  0 
 4257  0 
 4258  0 
 4259  0 
 4260  0 
 4261  0 
 4262  0 
 4263  0 
 4264  0 
 4265  0 
 4266  0 
 4267  0 
 4268  0 
 4269  0 
 4270  0 
 4271  0 
 4272  0 
 4273  1 
 4274  0 
 4275  0 
 4276  1 
 4277  0 
 4278  0 
 4279  0 
 4280  0 
 4281  0 
 4282  0 
 4283  0 
 4284  0 
 4285  0 
 4286  0 
 4287  0 
 4288  0 
 4289  0 
 4290  0 
 4291  0 
 4292  0 
 4293  0 
 4294  0 
 4295  0 
 4296  0 
 4297  0 
 4298  0 
 4299  0 
 4300  0 
 4301  0 
 4302  0 
 4303  0 
 4304  0 
 4305  0 
 4306  0 
 4307  0 
 4308  0 
 4309  0 
 4310  0 
 4311  0 
 4312  0 
 4313  1 
 4314  0 
 4315  0 
 4316  0 
 4317  0 
 4318  0 
 4319  0 
 4320  0 
 4321  0 
 4322  0 
 4323  0 
 4324  0 
 4325  0 
 4326  0 
 4327  0 
 4328  0 
 4329  0 
 4330  0 
 4331  0 
 4332  0 
 4333  0 
 4334  0 
 4335  0 
 4336  0 
 4337  0 
 4338  0 
 4339  0 
 4340  0 
 4341  0 
 4342  0 
 4343  0 
 4344  0 
 4345  0 
 4346  0 
 4347  0 
 4348  0 
 4349  0 
 4350  0 
 4351  0 
 4352  1 
 4353  0 
 4354  0 
 4355  0 
 4356  0 
 4357  0 
 4358  0 
 4359  0 
 4360  0 
 4361  0 
 4362  0 
 4363  0 
 4364  0 
 4365  0 
 4366  0 
 4367  0 
 4368  0 
 4369  0 
 4370  0 
 4371  0 
 4372  0 
 4373  0 
 4374  0 
 4375  0 
 4376  0 
 4377  0 
 4378  0 
 4379  0 
 4380  0 
 4381  0 
 4382  0 
 4383  0 
 4384  0 
 4385  0 
 4386  0 
 4387  0 
 4388  1 
 4389  0 
 4390  0 
 4391  0 
 4392  0 
 4393  0 
 4394  0 
 4395  0 
 4396  0 
 4397  0 
 4398  0 
 4399  0 
 4400  0 
 4401  0 
 4402  0 
 4403  0 
 4404  1 
 4405  0 
 4406  0 
 4407  0 
 4408  0 
 4409  0 
 4410  0 
 4411  0 
 4412  0 
 4413  0 
 4414  0 
 4415  0 
 4416  0 
 4417  0 
 4418  0 
 4419  0 
 4420  0 
 4421  0 
 4422  0 
 4423  0 
 4424  0 
 4425  0 
 4426  0 
 4427  0 
 4428  0 
 4429  0 
 4430  0 
 4431  0 
 4432  0 
 4433  0 
 4434  0 
 4435  0 
 4436  0 
 4437  1 
 4438  0 
 4439  0 
 4440  0 
 4441  0 
 4442  0 
 4443  0 
 4444  0 
 4445  0 
 4446  0 
 4447  0 
 4448  0 
 4449  0 
 4450  0 
 4451  0 
 4452  0 
 4453  0 
 4454  0 
 4455  0 
 4456  0 
 4457  0 
 4458  0 
 4459  0 
 4460  0 
 4461  1 
 4462  0 
 4463  0 
 4464  0 
 4465  0 
 4466  0 
 4467  1 
 4468  0 
 4469  0 
 4470  0 
 4471  0 
 4472  0 
 4473  0 
 4474  0 
 4475  0 
 4476  0 
 4477  0 
 4478  0 
 4479  0 
 4480  0 
 4481  0 
 4482  0 
 4483  0 
 4484  0 
 4485  0 
 4486  0 
 4487  1 
 4488  0 
 4489  1 
 4490  0 
 4491  0 
 4492  0 
 4493  0 
 4494  0 
 4495  0 
 4496  0 
 4497  0 
 4498  0 
 4499  0 
 4500  0 
 4501  0 
 4502  0 
 4503  0 
 4504  0 
 4505  0 
 4506  0 
 4507  0 
 4508  0 
 4509  0 
 4510  0 
 4511  0 
 4512  0 
 4513  0 
 4514  0 
 4515  0 
 4516  0 
 4517  0 
 4518  0 
 4519  0 
 4520  0 
 4521  0 
 4522  0 
 4523  0 
 4524  0 
 4525  0 
 4526  0 
 4527  0 
 4528  0 
 4529  0 
 4530  0 
 4531  0 
 4532  0 
 4533  0 
 4534  0 
 4535  0 
 4536  0 
 4537  0 
 4538  0 
 4539  0 
 4540  1 
 4541  0 
 4542  0 
 4543  1 
 4544  1 
 4545  0 
 4546  0 
 4547  0 
 4548  0 
 4549  0 
 4550  0 
 4551  0 
 4552  0 
 4553  0 
 4554  0 
 4555  0 
 4556  0 
 4557  0 
 4558  0 
 4559  0 
 4560  0 
 4561  0 
 4562  0 
 4563  0 
 4564  0 
 4565  0 
 4566  0 
 4567  0 
 4568  0 
 4569  0 
 4570  0 
 4571  0 
 4572  0 
 4573  0 
 4574  0 
 4575  0 
 4576  0 
 4577  0 
 4578  0 
 4579  0 
 4580  0 
 4581  0 
 4582  0 
 4583  0 
 4584  0 
 4585  0 
 4586  0 
 4587  0 
 4588  0 
 4589  0 
 4590  0 
 4591  0 
 4592  0 
 4593  0 
 4594  0 
 4595  0 
 4596  0 
 4597  0 
 4598  0 
 4599  0 
 4600  0 
 4601  0 
 4602  0 
 4603  0 
 4604  0 
 4605  0 
 4606  1 
 4607  0 
 4608  0 
 4609  0 
 4610  0 
 4611  0 
 4612  0 
 4613  0 
 4614  0 
 4615  0 
 4616  0 
 4617  0 
 4618  0 
 4619  0 
 4620  0 
 4621  0 
 4622  0 
 4623  0 
 4624  0 
 4625  0 
 4626  1 
 4627  0 
 4628  0 
 4629  0 
 4630  0 
 4631  0 
 4632  0 
 4633  0 
 4634  0 
 4635  0 
 4636  0 
 4637  0 
 4638  0 
 4639  0 
 4640  0 
 4641  0 
 4642  0 
 4643  0 
 4644  0 
 4645  0 
 4646  0 
 4647  0 
 4648  0 
 4649  0 
 4650  0 
 4651  0 
 4652  0 
 4653  0 
 4654  0 
 4655  0 
 4656  0 
 4657  0 
 4658  0 
 4659  0 
 4660  0 
 4661  0 
 4662  0 
 4663  0 
 4664  0 
 4665  0 
 4666  0 
 4667  1 
 4668  0 
 4669  0 
 4670  0 
 4671  0 
 4672  0 
 4673  0 
 4674  0 
 4675  1 
 4676  0 
 4677  0 
 4678  0 
 4679  0 
 4680  0 
 4681  0 
 4682  0 
 4683  0 
 4684  0 
 4685  0 
 4686  0 
 4687  0 
 4688  0 
 4689  0 
 4690  0 
 4691  0 
 4692  0 
 4693  0 
 4694  0 
 4695  0 
 4696  0 
 4697  0 
 4698  0 
 4699  0 
 4700  0 
 4701  1 
 4702  0 
 4703  0 
 4704  0 
 4705  0 
 4706  0 
 4707  1 
 4708  0 
 4709  0 
 4710  1 
 4711  0 
 4712  0 
 4713  0 
 4714  0 
 4715  0 
 4716  0 
 4717  0 
 4718  0 
 4719  0 
 4720  0 
 4721  0 
 4722  0 
 4723  0 
 4724  0 
 4725  0 
 4726  0 
 4727  0 
 4728  0 
 4729  0 
 4730  0 
 4731  0 
 4732  0 
 4733  0 
 4734  1 
 4735  0 
 4736  0 
 4737  0 
 4738  0 
 4739  0 
 4740  0 
 4741  0 
 4742  0 
 4743  0 
 4744  0 
 4745  0 
 4746  0 
 4747  0 
 4748  0 
 4749  0 
 4750  0 
 4751  0 
 4752  0 
 4753  0 
 4754  0 
 4755  0 
 4756  0 
 4757  0 
 4758  2 
 4759  0 
 4760  0 
 4761  0 
 4762  0 
 4763  0 
 4764  0 
 4765  0 
 4766  0 
 4767  0 
 4768  0 
 4769  0 
 4770  0 
 4771  0 
 4772  0 
 4773  1 
 4774  0 
 4775  0 
 4776  0 
 4777  0 
 4778  1 
 4779  0 
 4780  0 
 4781  0 
 4782  0 
 4783  0 
 4784  0 
 4785  0 
 4786  0 
 4787  0 
 4788  0 
 4789  0 
 4790  0 
 4791  0 
 4792  0 
 4793  0 
 4794  0 
 4795  0 
 4796  0 
 4797  0 
 4798  0 
 4799  0 
 4800  0 
 4801  0 
 4802  0 
 4803  0 
 4804  0 
 4805  0 
 4806  0 
 4807  0 
 4808  0 
 4809  0 
 4810  0 
 4811  0 
 4812  0 
 4813  0 
 4814  0 
 4815  0 
 4816  0 
 4817  0 
 4818  0 
 4819  0 
 4820  0 
 4821  0 
 4822  0 
 4823  0 
 4824  0 
 4825  0 
 4826  0 
 4827  0 
 4828  0 
 4829  0 
 4830  0 
 4831  0 
 4832  0 
 4833  0 
 4834  0 
 4835  0 
 4836  0 
 4837  0 
 4838  0 
 4839  0 
 4840  1 
 4841  0 
 4842  0 
 4843  0 
 4844  0 
 4845  0 
 4846  0 
 4847  0 
 4848  0 
 4849  0 
 4850  0 
 4851  0 
 4852  0 
 4853  0 
 4854  0 
 4855  0 
 4856  0 
 4857  0 
 4858  0 
 4859  0 
 4860  0 
 4861  0 
 4862  0 
 4863  0 
 4864  0 
 4865  0 
 4866  0 
 4867  0 
 4868  0 
 4869  0 
 4870  0 
 4871  0 
 4872  1 
 4873  0 
 4874  1 
 4875  0 
 4876  0 
 4877  0 
 4878  0 
 4879  0 
 4880  0 
 4881  0 
 4882  0 
 4883  0 
 4884  0 
 4885  0 
 4886  0 
 4887  0 
 4888  0 
 4889  0 
 4890  0 
 4891  0 
 4892  0 
 4893  0 
 4894  0 
 4895  0 
 4896  0 
 4897  1 
 4898  0 
 4899  0 
 4900  0 
 4901  0 
 4902  0 
 4903  0 
 4904  0 
 4905  0 
 4906  0 
 4907  0 
 4908  0 
 4909  0 
 4910  0 
 4911  0 
 4912  0 
 4913  0 
 4914  0 
 4915  0 
 4916  0 
 4917  1 
 4918  0 
 4919  0 
 4920  0 
 4921  0 
 4922  0 
 4923  0 
 4924  0 
 4925  0 
 4926  0 
 4927  0 
 4928  0 
 4929  1 
 4930  0 
 4931  0 
 4932  0 
 4933  0 
 4934  1 
 4935  0 
 4936  0 
 4937  0 
 4938  0 
 4939  0 
 4940  0 
 4941  0 
 4942  0 
 4943  0 
 4944  0 
 4945  0 
 4946  0 
 4947  0 
 4948  0 
 4949  0 
 4950  0 
 4951  0 
 4952  0 
 4953  0 
 4954  0 
 4955  0 
 4956  0 
 4957  0 
 4958  0 
 4959  0 
 4960  0 
 4961  0 
 4962  0 
 4963  0 
 4964  0 
 4965  0 
 4966  0 
 4967  0 
 4968  0 
 4969  0 
 4970  0 
 4971  0 
 4972  0 
 4973  0 
 4974  0 
 4975  0 
 4976  0 
 4977  0 
 4978  0 
 4979  0 
 4980  0 
 4981  0 
 4982  0 
 4983  0 
 4984  0 
 4985  0 
 4986  0 
 4987  0 
 4988  0 
 4989  0 
 4990  0 
 4991  0 
 4992  0 
 4993  0 
 4994  0 
 4995  1 
 4996  0 
 4997  0 
 4998  0 
 4999  0 
 5000  0 
 5001  0 
 5002  0 
 5003  0 
 5004  0 
 5005  0 
 5006  0 
 5007  0 
 5008  0 
 5009  0 
 5010  0 
 5011  0 
 5012  0 
 5013  0 
 5014  0 
 5015  0 
 5016  0 
 5017  0 
 5018  0 
 5019  0 
 5020  0 
 5021  0 
 5022  0 
 5023  0 
 5024  0 
 5025  0 
 5026  0 
 5027  0 
 5028  0 
 5029  0 
 5030  0 
 5031  0 
 5032  0 
 5033  0 
 5034  0 
 5035  0 
 5036  0 
 5037  0 
 5038  0 
 5039  0 
 5040  0 
 5041  1 
 5042  0 
 5043  0 
 5044  0 
 5045  0 
 5046  0 
 5047  0 
 5048  0 
 5049  0 
 5050  0 
 5051  0 
 5052  1 
 5053  0 
 5054  0 
 5055  0 
 5056  0 
 5057  0 
 5058  0 
 5059  0 
 5060  0 
 5061  0 
 5062  0 
 5063  0 
 5064  0 
 5065  0 
 5066  0 
 5067  0 
 5068  0 
 5069  0 
 5070  0 
 5071  0 
 5072  0 
 5073  0 
 5074  0 
 5075  0 
 5076  0 
 5077  0 
 5078  0 
 5079  0 
 5080  0 
 5081  0 
 5082  0 
 5083  0 
 5084  0 
 5085  0 
 5086  0 
 5087  0 
 5088  0 
 5089  0 
 5090  0 
 5091  0 
 5092  0 
 5093  0 
 5094  0 
 5095  0 
 5096  0 
 5097  0 
 5098  0 
 5099  0 
 5100  0 
 5101  0 
 5102  0 
 5103  0 
 5104  0 
 5105  0 
 5106  0 
 5107  0 
 5108  0 
 5109  0 
 5110  0 
 5111  0 
 5112  0 
 5113  0 
 5114  0 
 5115  0 
 5116  0 
 5117  0 
 5118  0 
 5119  0 
 5120  0 
 5121  0 
 5122  0 
 5123  0 
 5124  0 
 5125  0 
 5126  0 
 5127  0 
 5128  0 
 5129  0 
 5130  0 
 5131  0 
 5132  0 
 5133  0 
 5134  0 
 5135  0 
 5136  0 
 5137  0 
 5138  0 
 5139  0 
 5140  0 
 5141  1 
 5142  0 
 5143  0 
 5144  0 
 5145  0 
 5146  0 
 5147  0 
 5148  0 
 5149  0 
 5150  0 
 5151  0 
 5152  0 
 5153  0 
 5154  0 
 5155  0 
 5156  0 
 5157  0 
 5158  0 
 5159  0 
 5160  0 
 5161  1 
 5162  2 
 5163  0 
 5164  0 
 5165  0 
 5166  0 
 5167  0 
 5168  0 
 5169  0 
 5170  0 
 5171  0 
 5172  0 
 5173  0 
 5174  0 
 5175  0 
 5176  0 
 5177  0 
 5178  0 
 5179  0 
 5180  0 
 5181  0 
 5182  0 
 5183  0 
 5184  0 
 5185  0 
 5186  0 
 5187  0 
 5188  0 
 5189  0 
 5190  0 
 5191  0 
 5192  0 
 5193  0 
 5194  0 
 5195  0 
 5196  0 
 5197  0 
 5198  0 
 5199  0 
 5200  0 
 5201  0 
 5202  0 
 5203  0 
 5204  0 
 5205  0 
 5206  0 
 5207  0 
 5208  0 
 5209  0 
 5210  0 
 5211  0 
 5212  0 
 5213  0 
 5214  0 
 5215  0 
 5216  0 
 5217  0 
 5218  0 
 5219  0 
 5220  0 
 5221  0 
 5222  0 
 5223  1 
 5224  0 
 5225  0 
 5226  0 
 5227  1 
 5228  0 
 5229  0 
 5230  0 
 5231  1 
 5232  0 
 5233  0 
 5234  0 
 5235  0 
 5236  0 
 5237  0 
 5238  0 
 5239  0 
 5240  0 
 5241  0 
 5242  0 
 5243  0 
 5244  0 
 5245  0 
 5246  0 
 5247  0 
 5248  0 
 5249  0 
 5250  0 
 5251  0 
 5252  0 
 5253  0 
 5254  0 
 5255  0 
 5256  1 
 5257  0 
 5258  0 
 5259  0 
 5260  0 
 5261  0 
 5262  0 
 5263  0 
 5264  0 
 5265  1 
 5266  0 
 5267  0 
 5268  0 
 5269  0 
 5270  0 
 5271  0 
 5272  0 
 5273  0 
 5274  0 
 5275  0 
 5276  0 
 5277  1 
 5278  0 
 5279  0 
 5280  0 
 5281  0 
 5282  0 
 5283  0 
 5284  0 
 5285  0 
 5286  0 
 5287  0 
 5288  0 
 5289  0 
 5290  0 
 5291  0 
 5292  0 
 5293  1 
 5294  0 
 5295  0 
 5296  0 
 5297  0 
 5298  0 
 5299  0 
 5300  0 
 5301  0 
 5302  0 
 5303  0 
 5304  0 
 5305  0 
 5306  0 
 5307  0 
 5308  0 
 5309  1 
 5310  1 
 5311  0 
 5312  0 
 5313  0 
 5314  0 
 5315  0 
 5316  0 
 5317  0 
 5318  0 
 5319  0 
 5320  0 
 5321  0 
 5322  0 
 5323  0 
 5324  0 
 5325  0 
 5326  0 
 5327  0 
 5328  0 
 5329  0 
 5330  0 
 5331  1 
 5332  0 
 5333  0 
 5334  0 
 5335  0 
 5336  0 
 5337  0 
 5338  0 
 5339  0 
 5340  1 
 5341  0 
 5342  0 
 5343  1 
 5344  0 
 5345  0 
 5346  0 
 5347  0 
 5348  0 
 5349  0 
 5350  0 
 5351  0 
 5352  0 
 5353  0 
 5354  0 
 5355  0 
 5356  0 
 5357  0 
 5358  0 
 5359  0 
 5360  0 
 5361  0 
 5362  0 
 5363  0 
 5364  0 
 5365  1 
 5366  0 
 5367  0 
 5368  0 
 5369  0 
 5370  0 
 5371  0 
 5372  0 
 5373  0 
 5374  0 
 5375  0 
 5376  0 
 5377  0 
 5378  0 
 5379  0 
 5380  0 
 5381  0 
 5382  0 
 5383  0 
 5384  0 
 5385  0 
 5386  1 
 5387  0 
 5388  0 
 5389  0 
 5390  0 
 5391  0 
 5392  0 
 5393  0 
 5394  0 
 5395  0 
 5396  0 
 5397  0 
 5398  1 
 5399  0 
 5400  0 
 5401  0 
 5402  0 
 5403  0 
 5404  0 
 5405  0 
 5406  0 
 5407  0 
 5408  0 
 5409  0 
 5410  0 
 5411  0 
 5412  0 
 5413  0 
 5414  0 
 5415  0 
 5416  0 
 5417  0 
 5418  0 
 5419  0 
 5420  0 
 5421  0 
 5422  0 
 5423  0 
 5424  0 
 5425  0 
 5426  0 
 5427  0 
 5428  0 
 5429  0 
 5430  0 
 5431  0 
 5432  0 
 5433  0 
 5434  1 
 5435  0 
 5436  1 
 5437  0 
 5438  0 
 5439  0 
 5440  0 
 5441  0 
 5442  1 
 5443  0 
 5444  0 
 5445  0 
 5446  0 
 5447  0 
 5448  0 
 5449  0 
 5450  0 
 5451  0 
 5452  0 
 5453  0 
 5454  0 
 5455  0 
 5456  0 
 5457  0 
 5458  0 
 5459  0 
 5460  0 
 5461  0 
 5462  0 
 5463  0 
 5464  0 
 5465  0 
 5466  0 
 5467  0 
 5468  0 
 5469  0 
 5470  0 
 5471  0 
 5472  0 
 5473  0 
 5474  0 
 5475  0 
 5476  0 
 5477  0 
 5478  0 
 5479  0 
 5480  0 
 5481  0 
 5482  0 
 5483  0 
 5484  0 
 5485  0 
 5486  0 
 5487  0 
 5488  0 
 5489  0 
 5490  0 
 5491  0 
 5492  0 
 5493  0 
 5494  1 
 5495  0 
 5496  0 
 5497  0 
 5498  0 
 5499  1 
 5500  0 
 5501  0 
 5502  0 
 5503  0 
 5504  0 
 5505  0 
 5506  0 
 5507  0 
 5508  0 
 5509  0 
 5510  0 
 5511  0 
 5512  0 
 5513  0 
 5514  0 
 5515  0 
 5516  0 
 5517  0 
 5518  0 
 5519  0 
 5520  0 
 5521  0 
 5522  0 
 5523  0 
 5524  0 
 5525  0 
 5526  0 
 5527  0 
 5528  0 
 5529  1 
 5530  0 
 5531  0 
 5532  0 
 5533  0 
 5534  0 
 5535  0 
 5536  0 
 5537  0 
 5538  0 
 5539  1 
 5540  0 
 5541  0 
 5542  0 
 5543  0 
 5544  0 
 5545  0 
 5546  0 
 5547  0 
 5548  0 
 5549  1 
 5550  0 
 5551  0 
 5552  0 
 5553  0 
 5554  0 
 5555  0 
 5556  0 
 5557  0 
 5558  0 
 5559  1 
 5560  0 
 5561  0 
 5562  0 
 5563  0 
 5564  0 
 5565  0 
 5566  0 
 5567  0 
 5568  0 
 5569  0 
 5570  0 
 5571  2 
 5572  0 
 5573  0 
 5574  0 
 5575  0 
 5576  0 
 5577  0 
 5578  0 
 5579  0 
 5580  1 
 5581  0 
 5582  1 
 5583  0 
 5584  0 
 5585  0 
 5586  0 
 5587  1 
 5588  0 
 5589  0 
 5590  0 
 5591  0 
 5592  0 
 5593  0 
 5594  0 
 5595  0 
 5596  0 
 5597  0 
 5598  0 
 5599  0 
 5600  0 
 5601  0 
 5602  0 
 5603  0 
 5604  1 
 5605  0 
 5606  0 
 5607  0 
 5608  0 
 5609  0 
 5610  1 
 5611  0 
 5612  0 
 5613  0 
 5614  1 
 5615  0 
 5616  0 
 5617  0 
 5618  0 
 5619  0 
 5620  0 
 5621  0 
 5622  0 
 5623  0 
 5624  0 
 5625  1 
 5626  0 
 5627  0 
 5628  1 
 5629  0 
 5630  0 
 5631  0 
 5632  0 
 5633  0 
 5634  0 
 5635  1 
 5636  0 
 5637  0 
 5638  0 
 5639  0 
 5640  0 
 5641  0 
 5642  0 
 5643  0 
 5644  0 
 5645  0 
 5646  0 
 5647  0 
 5648  0 
 5649  0 
 5650  0 
 5651  1 
 5652  0 
 5653  0 
 5654  0 
 5655  0 
 5656  0 
 5657  1 
 5658  0 
 5659  0 
 5660  0 
 5661  0 
 5662  0 
 5663  0 
 5664  0 
 5665  0 
 5666  1 
 5667  0 
 5668  0 
 5669  0 
 5670  0 
 5671  0 
 5672  0 
 5673  0 
 5674  0 
 5675  0 
 5676  0 
 5677  0 
 5678  0 
 5679  0 
 5680  0 
 5681  0 
 5682  0 
 5683  0 
 5684  0 
 5685  0 
 5686  0 
 5687  0 
 5688  0 
 5689  0 
 5690  0 
 5691  0 
 5692  0 
 5693  0 
 5694  0 
 5695  0 
 5696  0 
 5697  0 
 5698  1 
 5699  0 
 5700  0 
 5701  0 
 5702  0 
 5703  0 
 5704  0 
 5705  0 
 5706  0 
 5707  0 
 5708  0 
 5709  0 
 5710  0 
 5711  0 
 5712  0 
 5713  0 
 5714  0 
 5715  0 
 5716  1 
 5717  0 
 5718  0 
 5719  0 
 5720  0 
 5721  0 
 5722  0 
 5723  0 
 5724  0 
 5725  0 
 5726  0 
 5727  0 
 5728  0 
 5729  0 
 5730  0 
 5731  0 
 5732  0 
 5733  0 
 5734  0 
 5735  0 
 5736  0 
 5737  0 
 5738  0 
 5739  0 
 5740  0 
 5741  0 
 5742  0 
 5743  0 
 5744  0 
 5745  0 
 5746  0 
 5747  0 
 5748  0 
 5749  0 
 5750  0 
 5751  0 
 5752  0 
 5753  0 
 5754  0 
 5755  0 
 5756  0 
 5757  1 
 5758  0 
 5759  0 
 5760  0 
 5761  0 
 5762  0 
 5763  1 
 5764  0 
 5765  0 
 5766  0 
 5767  0 
 5768  0 
 5769  0 
 5770  1 
 5771  0 
 5772  0 
 5773  0 
 5774  0 
 5775  0 
 5776  0 
 5777  0 
 5778  0 
 5779  0 
 5780  0 
 5781  0 
 5782  1 
 5783  0 
 5784  0 
 5785  0 
 5786  0 
 5787  0 
 5788  0 
 5789  0 
 5790  0 
 5791  0 
 5792  1 
 5793  0 
 5794  0 
 5795  0 
 5796  0 
 5797  0 
 5798  0 
 5799  0 
 5800  0 
 5801  0 
 5802  0 
 5803  0 
 5804  0 
 5805  0 
 5806  0 
 5807  0 
 5808  0 
 5809  0 
 5810  0 
 5811  1 
 5812  0 
 5813  1 
 5814  0 
 5815  0 
 5816  0 
 5817  0 
 5818  0 
 5819  0 
 5820  0 
 5821  0 
 5822  0 
 5823  0 
 5824  0 
 5825  0 
 5826  0 
 5827  0 
 5828  0 
 5829  0 
 5830  0 
 5831  0 
 5832  0 
 5833  0 
 5834  0 
 5835  0 
 5836  0 
 5837  0 
 5838  0 
 5839  0 
 5840  0 
 5841  0 
 5842  0 
 5843  0 
 5844  0 
 5845  0 
 5846  0 
 5847  0 
 5848  0 
 5849  0 
 5850  0 
 5851  1 
 5852  0 
 5853  0 
 5854  0 
 5855  0 
 5856  0 
 5857  0 
 5858  0 
 5859  0 
 5860  0 
 5861  0 
 5862  1 
 5863  0 
 5864  1 
 5865  0 
 5866  0 
 5867  0 
 5868  0 
 5869  0 
 5870  0 
 5871  0 
 5872  0 
 5873  0 
 5874  0 
 5875  0 
 5876  1 
 5877  0 
 5878  0 
 5879  0 
 5880  0 
 5881  1 
 5882  0 
 5883  1 
 5884  0 
 5885  0 
 5886  0 
 5887  0 
 5888  1 
 5889  0 
 5890  0 
 5891  0 
 5892  0 
 5893  0 
 5894  0 
 5895  0 
 5896  0 
 5897  0 
 5898  0 
 5899  0 
 5900  0 
 5901  0 
 5902  0 
 5903  0 
 5904  0 
 5905  0 
 5906  0 
 5907  0 
 5908  0 
 5909  0 
 5910  0 
 5911  0 
 5912  0 
 5913  0 
 5914  0 
 5915  0 
 5916  0 
 5917  0 
 5918  0 
 5919  0 
 5920  0 
 5921  0 
 5922  0 
 5923  1 
 5924  1 
 5925  0 
 5926  0 
 5927  0 
 5928  0 
 5929  0 
 5930  0 
 5931  0 
 5932  0 
 5933  0 
 5934  0 
 5935  0 
 5936  0 
 5937  0 
 5938  0 
 5939  0 
 5940  0 
 5941  0 
 5942  0 
 5943  0 
 5944  0 
 5945  0 
 5946  0 
 5947  0 
 5948  0 
 5949  0 
 5950  0 
 5951  0 
 5952  0 
 5953  0 
 5954  0 
 5955  0 
 5956  0 
 5957  0 
 5958  0 
 5959  0 
 5960  0 
 5961  0 
 5962  0 
 5963  0 
 5964  0 
 5965  0 
 5966  0 
 5967  0 
 5968  0 
 5969  0 
 5970  0 
 5971  0 
 5972  0 
 5973  0 
 5974  0 
 5975  0 
 5976  0 
 5977  0 
 5978  0 
 5979  0 
 5980  0 
 5981  1 
 5982  0 
 5983  0 
 5984  0 
 5985  0 
 5986  0 
 5987  0 
 5988  0 
 5989  0 
 5990  0 
 5991  0 
 5992  0 
 5993  0 
 5994  0 
 5995  0 
 5996  0 
 5997  0 
 5998  1 
 5999  0 
 6000  0 
 6001  0 
 6002  1 
 6003  0 
 6004  0 
 6005  0 
 6006  0 
 6007  0 
 6008  0 
 6009  0 
 6010  0 
 6011  0 
 6012  0 
 6013  0 
 6014  0 
 6015  0 
 6016  1 
 6017  0 
 6018  0 
 6019  0 
 6020  0 
 6021  0 
 6022  0 
 6023  0 
 6024  0 
 6025  0 
 6026  0 
 6027  0 
 6028  0 
 6029  0 
 6030  0 
 6031  0 
 6032  0 
 6033  0 
 6034  0 
 6035  0 
 6036  0 
 6037  0 
 6038  0 
 6039  0 
 6040  0 
 6041  0 
 6042  0 
 6043  0 
 6044  0 
 6045  0 
 6046  1 
 6047  0 
 6048  0 
 6049  0 
 6050  0 
 6051  0 
 6052  0 
 6053  0 
 6054  0 
 6055  0 
 6056  0 
 6057  0 
 6058  0 
 6059  0 
 6060  0 
 6061  0 
 6062  0 
 6063  0 
 6064  0 
 6065  0 
 6066  0 
 6067  0 
 6068  0 
 6069  0 
 6070  0 
 6071  0 
 6072  0 
 6073  0 
 6074  0 
 6075  0 
 6076  0 
 6077  0 
 6078  0 
 6079  1 
 6080  0 
 6081  0 
 6082  0 
 6083  0 
 6084  0 
 6085  0 
 6086  0 
 6087  0 
 6088  0 
 6089  0 
 6090  0 
 6091  0 
 6092  1 
 6093  0 
 6094  0 
 6095  1 
 6096  0 
 6097  0 
 6098  0 
 6099  0 
 6100  0 
 6101  0 
 6102  0 
 6103  0 
 6104  0 
 6105  1 
 6106  0 
 6107  0 
 6108  0 
 6109  0 
 6110  0 
 6111  0 
 6112  0 
 6113  0 
 6114  0 
 6115  0 
 6116  0 
 6117  0 
 6118  0 
 6119  0 
 6120  0 
 6121  1 
 6122  0 
 6123  0 
 6124  0 
 6125  0 
 6126  0 
 6127  0 
 6128  1 
 6129  0 
 6130  0 
 6131  0 
 6132  0 
 6133  0 
 6134  1 
 6135  0 
 6136  0 
 6137  0 
 6138  1 
 6139  0 
 6140  0 
 6141  0 
 6142  0 
 6143  0 
 6144  0 
 6145  0 
 6146  0 
 6147  0 
 6148  0 
 6149  0 
 6150  0 
 6151  1 
 6152  0 
 6153  0 
 6154  0 
 6155  0 
 6156  0 
 6157  0 
 6158  0 
 6159  0 
 6160  0 
 6161  0 
 6162  0 
 6163  0 
 6164  0 
 6165  0 
 6166  0 
 6167  0 
 6168  0 
 6169  0 
 6170  0 
 6171  0 
 6172  0 
 6173  0 
 6174  0 
 6175  0 
 6176  0 
 6177  0 
 6178  0 
 6179  0 
 6180  0 
 6181  0 
 6182  0 
 6183  0 
 6184  0 
 6185  0 
 6186  0 
 6187  0 
 6188  0 
 6189  0 
 6190  0 
 6191  0 
 6192  0 
 6193  0 
 6194  0 
 6195  0 
 6196  0 
 6197  0 
 6198  0 
 6199  0 
 6200  0 
 6201  0 
 6202  0 
 6203  0 
 6204  1 
 6205  0 
 6206  0 
 6207  0 
 6208  0 
 6209  0 
 6210  0 
 6211  0 
 6212  0 
 6213  0 
 6214  0 
 6215  0 
 6216  0 
 6217  0 
 6218  0 
 6219  0 
 6220  0 
 6221  0 
 6222  0 
 6223  0 
 6224  0 
 6225  0 
 6226  0 
 6227  0 
 6228  0 
 6229  0 
 6230  1 
 6231  0 
 6232  0 
 6233  0 
 6234  0 
 6235  0 
 6236  0 
 6237  0 
 6238  0 
 6239  0 
 6240  0 
 6241  0 
 6242  0 
 6243  0 
 6244  0 
 6245  0 
 6246  0 
 6247  0 
 6248  0 
 6249  0 
 6250  0 
 6251  0 
 6252  0 
 6253  0 
 6254  0 
 6255  0 
 6256  0 
 6257  0 
 6258  0 
 6259  0 
 6260  0 
 6261  0 
 6262  0 
 6263  1 
 6264  0 
 6265  0 
 6266  0 
 6267  0 
 6268  0 
 6269  0 
 6270  0 
 6271  0 
 6272  0 
 6273  0 
 6274  0 
 6275  0 
 6276  0 
 6277  0 
 6278  0 
 6279  0 
 6280  0 
 6281  0 
 6282  0 
 6283  0 
 6284  0 
 6285  1 
 6286  0 
 6287  0 
 6288  0 
 6289  0 
 6290  0 
 6291  0 
 6292  0 
 6293  0 
 6294  0 
 6295  0 
 6296  0 
 6297  0 
 6298  0 
 6299  0 
 6300  0 
 6301  0 
 6302  0 
 6303  0 
 6304  0 
 6305  0 
 6306  0 
 6307  0 
 6308  0 
 6309  0 
 6310  0 
 6311  0 
 6312  0 
 6313  0 
 6314  0 
 6315  0 
 6316  0 
 6317  0 
 6318  0 
 6319  0 
 6320  0 
 6321  0 
 6322  0 
 6323  0 
 6324  0 
 6325  0 
 6326  0 
 6327  0 
 6328  0 
 6329  0 
 6330  0 
 6331  0 
 6332  0 
 6333  0 
 6334  0 
 6335  0 
 6336  0 
 6337  0 
 6338  1 
 6339  0 
 6340  0 
 6341  0 
 6342  0 
 6343  0 
 6344  0 
 6345  0 
 6346  0 
 6347  0 
 6348  0 
 6349  0 
 6350  0 
 6351  0 
 6352  0 
 6353  0 
 6354  0 
 6355  0 
 6356  0 
 6357  0 
 6358  0 
 6359  0 
 6360  0 
 6361  0 
 6362  0 
 6363  1 
 6364  0 
 6365  0 
 6366  0 
 6367  0 
 6368  0 
 6369  0 
 6370  0 
 6371  0 
 6372  0 
 6373  0 
 6374  0 
 6375  0 
 6376  0 
 6377  0 
 6378  0 
 6379  0 
 6380  0 
 6381  0 
 6382  0 
 6383  0 
 6384  0 
 6385  0 
 6386  0 
 6387  0 
 6388  0 
 6389  0 
 6390  0 
 6391  0 
 6392  0 
 6393  0 
 6394  0 
 6395  0 
 6396  0 
 6397  0 
 6398  0 
 6399  0 
 6400  0 
 6401  0 
 6402  0 
 6403  0 
 6404  0 
 6405  0 
 6406  0 
 6407  0 
 6408  0 
 6409  0 
 6410  0 
 6411  0 
 6412  0 
 6413  0 
 6414  0 
 6415  0 
 6416  0 
 6417  0 
 6418  1 
 6419  0 
 6420  0 
 6421  0 
 6422  0 
 6423  0 
 6424  0 
 6425  0 
 6426  0 
 6427  0 
 6428  0 
 6429  0 
 6430  0 
 6431  1 
 6432  0 
 6433  1 
 6434  1 
 6435  0 
 6436  0 
 6437  0 
 6438  0 
 6439  0 
 6440  0 
 6441  0 
 6442  0 
 6443  0 
 6444  0 
 6445  0 
 6446  0 
 6447  0 
 6448  0 
 6449  0 
 6450  0 
 6451  0 
 6452  0 
 6453  0 
 6454  0 
 6455  0 
 6456  0 
 6457  0 
 6458  0 
 6459  0 
 6460  0 
 6461  0 
 6462  0 
 6463  0 
 6464  0 
 6465  0 
 6466  0 
 6467  0 
 6468  0 
 6469  0 
 6470  0 
 6471  0 
 6472  0 
 6473  0 
 6474  0 
 6475  0 
 6476  0 
 6477  0 
 6478  0 
 6479  0 
 6480  0 
 6481  0 
 6482  0 
 6483  0 
 6484  0 
 6485  0 
 6486  0 
 6487  0 
 6488  0 
 6489  0 
 6490  0 
 6491  0 
 6492  0 
 6493  0 
 6494  0 
 6495  0 
 6496  0 
 6497  0 
 6498  0 
 6499  0 
 6500  1 
 6501  0 
 6502  0 
 6503  1 
 6504  0 
 6505  0 
 6506  0 
 6507  0 
 6508  0 
 6509  0 
 6510  0 
 6511  0 
 6512  0 
 6513  0 
 6514  0 
 6515  0 
 6516  0 
 6517  0 
 6518  0 
 6519  0 
 6520  0 
 6521  0 
 6522  0 
 6523  0 
 6524  0 
 6525  0 
 6526  0 
 6527  0 
 6528  0 
 6529  0 
 6530  0 
 6531  0 
 6532  0 
 6533  0 
 6534  0 
 6535  0 
 6536  0 
 6537  0 
 6538  0 
 6539  0 
 6540  0 
 6541  0 
 6542  0 
 6543  0 
 6544  0 
 6545  0 
 6546  0 
 6547  0 
 6548  0 
 6549  0 
 6550  0 
 6551  0 
 6552  0 
 6553  0 
 6554  0 
 6555  0 
 6556  0 
 6557  0 
 6558  0 
 6559  0 
 6560  0 
 6561  0 
 6562  0 
 6563  0 
 6564  0 
 6565  0 
 6566  1 
 6567  0 
 6568  0 
 6569  0 
 6570  0 
 6571  0 
 6572  0 
 6573  0 
 6574  0 
 6575  0 
 6576  0 
 6577  0 
 6578  0 
 6579  0 
 6580  0 
 6581  0 
 6582  0 
 6583  0 
 6584  0 
 6585  0 
 6586  0 
 6587  0 
 6588  0 
 6589  0 
 6590  0 
 6591  0 
 6592  0 
 6593  1 
 6594  0 
 6595  0 
 6596  0 
 6597  0 
 6598  0 
 6599  0 
 6600  0 
 6601  0 
 6602  0 
 6603  0 
 6604  0 
 6605  0 
 6606  0 
 6607  0 
 6608  0 
 6609  0 
 6610  0 
 6611  0 
 6612  0 
 6613  0 
 6614  0 
 6615  0 
 6616  0 
 6617  0 
 6618  0 
 6619  0 
 6620  0 
 6621  0 
 6622  0 
 6623  0 
 6624  0 
 6625  0 
 6626  0 
 6627  0 
 6628  0 
 6629  0 
 6630  0 
 6631  0 
 6632  0 
 6633  0 
 6634  0 
 6635  0 
 6636  0 
 6637  0 
 6638  0 
 6639  0 
 6640  0 
 6641  0 
 6642  0 
 6643  0 
 6644  0 
 6645  0 
 6646  0 
 6647  0 
 6648  0 
 6649  0 
 6650  0 
 6651  0 
 6652  0 
 6653  0 
 6654  0 
 6655  0 
 6656  0 
 6657  0 
 6658  0 
 6659  0 
 6660  0 
 6661  0 
 6662  0 
 6663  0 
 6664  0 
 6665  0 
 6666  0 
 6667  0 
 6668  0 
 6669  0 
 6670  0 
 6671  0 
 6672  0 
 6673  0 
 6674  0 
 6675  0 
 6676  0 
 6677  0 
 6678  0 
 6679  0 
 6680  0 
 6681  0 
 6682  0 
 6683  0 
 6684  0 
 6685  0 
 6686  0 
 6687  0 
 6688  0 
 6689  0 
 6690  0 
 6691  0 
 6692  0 
 6693  0 
 6694  0 
 6695  0 
 6696  0 
 6697  0 
 6698  0 
 6699  0 
 6700  0 
 6701  0 
 6702  0 
 6703  0 
 6704  0 
 6705  0 
 6706  0 
 6707  0 
 6708  0 
 6709  0 
 6710  0 
 6711  0 
 6712  0 
 6713  0 
 6714  0 
 6715  0 
 6716  0 
 6717  0 
 6718  0 
 6719  0 
 6720  0 
 6721  0 
 6722  0 
 6723  0 
 6724  1 
 6725  0 
 6726  0 
 6727  0 
 6728  0 
 6729  0 
 6730  0 
 6731  0 
 6732  0 
 6733  0 
 6734  0 
 6735  0 
 6736  0 
 6737  0 
 6738  0 
 6739  0 
 6740  0 
 6741  0 
 6742  0 
 6743  0 
 6744  0 
 6745  0 
 6746  0 
 6747  0 
 6748  0 
 6749  0 
 6750  0 
 6751  0 
 6752  0 
 6753  0 
 6754  0 
 6755  0 
 6756  0 
 6757  0 
 6758  0 
 6759  0 
 6760  0 
 6761  0 
 6762  0 
 6763  0 
 6764  0 
 6765  0 
 6766  0 
 6767  0 
 6768  0 
 6769  0 
 6770  0 
 6771  0 
 6772  0 
 6773  0 
 6774  0 
 6775  0 
 6776  0 
 6777  0 
 6778  0 
 6779  0 
 6780  0 
 6781  0 
 6782  0 
 6783  0 
 6784  0 
 6785  0 
 6786  0 
 6787  0 
 6788  0 
 6789  0 
 6790  0 
 6791  0 
 6792  0 
 6793  0 
 6794  0 
 6795  0 
 6796  0 
 6797  0 
 6798  0 
 6799  0 
 6800  0 
 6801  0 
 6802  0 
 6803  0 
 6804  0 
 6805  0 
 6806  0 
 6807  0 
 6808  0 
 6809  0 
 6810  0 
 6811  0 
 6812  0 
 6813  0 
 6814  0 
 6815  0 
 6816  0 
 6817  0 
 6818  0 
 6819  0 
 6820  0 
 6821  0 
 6822  0 
 6823  0 
 6824  0 
 6825  0 
 6826  0 
 6827  0 
 6828  0 
 6829  0 
 6830  0 
 6831  0 
 6832  0 
 6833  0 
 6834  0 
 6835  0 
 6836  0 
 6837  0 
 6838  0 
 6839  0 
 6840  0 
 6841  0 
 6842  0 
 6843  0 
 6844  0 
 6845  0 
 6846  0 
 6847  0 
 6848  0 
 6849  0 
 6850  0 
 6851  0 
 6852  0 
 6853  0 
 6854  0 
 6855  0 
 6856  0 
 6857  0 
 6858  0 
 6859  0 
 6860  0 
 6861  0 
 6862  0 
 6863  0 
 6864  0 
 6865  0 
 6866  0 
 6867  0 
 6868  0 
 6869  0 
 6870  0 
 6871  0 
 6872  0 
 6873  0 
 6874  0 
 6875  0 
 6876  0 
 6877  0 
 6878  0 
 6879  0 
 6880  0 
 6881  0 
 6882  0 
 6883  0 
 6884  0 
 6885  0 
 6886  0 
 6887  0 
 6888  0 
 6889  0 
 6890  0 
 6891  0 
 6892  0 
 6893  0 
 6894  0 
 6895  0 
 6896  0 
 6897  0 
 6898  0 
 6899  0 
 6900  0 
 6901  0 
 6902  0 
 6903  0 
 6904  0 
 6905  0 
 6906  0 
 6907  0 
 6908  0 
 6909  0 
 6910  0 
 6911  0 
 6912  0 
 6913  0 
 6914  0 
 6915  0 
 6916  0 
 6917  0 
 6918  0 
 6919  0 
 6920  0 
 6921  0 
 6922  0 
 6923  0 
 6924  0 
 6925  0 
 6926  0 
 6927  0 
 6928  0 
 6929  0 
 6930  0 
 6931  0 
 6932  0 
 6933  0 
 6934  0 
 6935  0 
 6936  0 
 6937  0 
 6938  0 
 6939  0 
 6940  0 
 6941  0 
 6942  0 
 6943  0 
 6944  0 
 6945  0 
 6946  0 
 6947  0 
 6948  0 
 6949  0 
 6950  0 
 6951  0 
 6952  0 
 6953  0 
 6954  0 
 6955  0 
 6956  0 
 6957  0 
 6958  0 
 6959  0 
 6960  0 
 6961  0 
 6962  0 
 6963  0 
 6964  0 
 6965  1 
 6966  0 
 6967  0 
 6968  0 
 6969  0 
 6970  0 
 6971  0 
 6972  1 
 6973  0 
 6974  0 
 6975  0 
 6976  0 
 6977  0 
 6978  0 
 6979  0 
 6980  0 
 6981  0 
 6982  0 
 6983  0 
 6984  0 
 6985  0 
 6986  0 
 6987  0 
 6988  0 
 6989  0 
 6990  0 
 6991  0 
 6992  0 
 6993  0 
 6994  0 
 6995  0 
 6996  0 
 6997  0 
 6998  0 
 6999  0 
 7000  0 
 7001  0 
 7002  0 
 7003  0 
 7004  0 
 7005  0 
 7006  0 
 7007  0 
 7008  0 
 7009  0 
 7010  0 
 7011  0 
 7012  1 
 7013  0 
 7014  0 
 7015  0 
 7016  0 
 7017  0 
 7018  0 
 7019  0 
 7020  0 
 7021  0 
 7022  0 
 7023  0 
 7024  0 
 7025  0 
 7026  0 
 7027  0 
 7028  0 
 7029  1 
 7030  0 
 7031  0 
 7032  0 
 7033  0 
 7034  0 
 7035  0 
 7036  0 
 7037  0 
 7038  0 
 7039  0 
 7040  0 
 7041  0 
 7042  0 
 7043  0 
 7044  0 
 7045  0 
 7046  0 
 7047  0 
 7048  0 
 7049  0 
 7050  0 
 7051  0 
 7052  0 
 7053  0 
 7054  0 
 7055  0 
 7056  0 
 7057  0 
 7058  0 
 7059  0 
 7060  0 
 7061  0 
 7062  0 
 7063  0 
 7064  0 
 7065  0 
 7066  0 
 7067  0 
 7068  0 
 7069  0 
 7070  1 
 7071  0 
 7072  0 
 7073  0 
 7074  0 
 7075  0 
 7076  0 
 7077  0 
 7078  0 
 7079  0 
 7080  0 
 7081  0 
 7082  0 
 7083  0 
 7084  0 
 7085  0 
 7086  0 
 7087  0 
 7088  0 
 7089  0 
 7090  0 
 7091  0 
 7092  0 
 7093  0 
 7094  0 
 7095  0 
 7096  0 
 7097  0 
 7098  0 
 7099  0 
 7100  0 
 7101  0 
 7102  0 
 7103  0 
 7104  0 
 7105  0 
 7106  0 
 7107  0 
 7108  0 
 7109  1 
 7110  0 
 7111  0 
 7112  0 
 7113  0 
 7114  0 
 7115  0 
 7116  0 
 7117  0 
 7118  0 
 7119  0 
 7120  0 
 7121  0 
 7122  0 
 7123  0 
 7124  0 
 7125  0 
 7126  0 
 7127  0 
 7128  0 
 7129  0 
 7130  0 
 7131  0 
 7132  0 
 7133  0 
 7134  0 
 7135  0 
 7136  0 
 7137  0 
 7138  0 
 7139  0 
 7140  0 
 7141  0 
 7142  0 
 7143  0 
 7144  0 
 7145  0 
 7146  0 
 7147  0 
 7148  0 
 7149  0 
 7150  0 
 7151  0 
 7152  0 
 7153  1 
 7154  0 
 7155  0 
 7156  0 
 7157  0 
 7158  0 
 7159  0 
 7160  1 
 7161  0 
 7162  0 
 7163  0 
 7164  0 
 7165  0 
 7166  0 
 7167  0 
 7168  0 
 7169  0 
 7170  0 
 7171  0 
 7172  0 
 7173  0 
 7174  0 
 7175  0 
 7176  0 
 7177  0 
 7178  0 
 7179  0 
 7180  0 
 7181  0 
 7182  0 
 7183  0 
 7184  0 
 7185  0 
 7186  0 
 7187  0 
 7188  0 
 7189  0 
 7190  0 
 7191  0 
 7192  0 
 7193  0 
 7194  0 
 7195  0 
 7196  0 
 7197  0 
 7198  0 
 7199  0 
 7200  0 
 7201  0 
 7202  0 
 7203  0 
 7204  0 
 7205  0 
 7206  0 
 7207  0 
 7208  0 
 7209  0 
 7210  0 
 7211  0 
 7212  0 
 7213  0 
 7214  0 
 7215  0 
 7216  0 
 7217  0 
 7218  0 
 7219  0 
 7220  0 
 7221  0 
 7222  0 
 7223  0 
 7224  0 
 7225  0 
 7226  0 
 7227  0 
 7228  0 
 7229  0 
 7230  1 
 7231  0 
 7232  0 
 7233  0 
 7234  0 
 7235  0 
 7236  0 
 7237  0 
 7238  1 
 7239  0 
 7240  0 
 7241  0 
 7242  0 
 7243  0 
 7244  0 
 7245  0 
 7246  0 
 7247  0 
 7248  0 
 7249  0 
 7250  0 
 7251  0 
 7252  0 
 7253  0 
 7254  0 
 7255  0 
 7256  0 
 7257  0 
 7258  0 
 7259  0 
 7260  0 
 7261  0 
 7262  0 
 7263  0 
 7264  0 
 7265  0 
 7266  0 
 7267  0 
 7268  0 
 7269  0 
 7270  0 
 7271  0 
 7272  0 
 7273  0 
 7274  0 
 7275  0 
 7276  0 
 7277  0 
 7278  0 
 7279  0 
 7280  0 
 7281  0 
 7282  0 
 7283  1 
 7284  0 
 7285  0 
 7286  0 
 7287  0 
 7288  0 
 7289  0 
 7290  0 
 7291  0 
 7292  0 
 7293  0 
 7294  0 
 7295  0 
 7296  0 
 7297  0 
 7298  0 
 7299  0 
 7300  1 
 7301  0 
 7302  0 
 7303  0 
 7304  0 
 7305  0 
 7306  0 
 7307  0 
 7308  0 
 7309  0 
 7310  0 
 7311  0 
 7312  0 
 7313  0 
 7314  0 
 7315  0 
 7316  0 
 7317  0 
 7318  0 
 7319  0 
 7320  0 
 7321  1 
 7322  0 
 7323  1 
 7324  0 
 7325  0 
 7326  0 
 7327  0 
 7328  0 
 7329  0 
 7330  0 
 7331  0 
 7332  0 
 7333  0 
 7334  0 
 7335  0 
 7336  0 
 7337  0 
 7338  0 
 7339  0 
 7340  0 
 7341  1 
 7342  0 
 7343  0 
 7344  0 
 7345  1 
 7346  0 
 7347  0 
 7348  0 
 7349  0 
 7350  0 
 7351  0 
 7352  0 
 7353  0 
 7354  0 
 7355  0 
 7356  0 
 7357  0 
 7358  0 
 7359  0 
 7360  0 
 7361  0 
 7362  0 
 7363  0 
 7364  0 
 7365  0 
 7366  0 
 7367  0 
 7368  0 
 7369  0 
 7370  0 
 7371  0 
 7372  0 
 7373  0 
 7374  0 
 7375  0 
 7376  0 
 7377  0 
 7378  0 
 7379  0 
 7380  0 
 7381  0 
 7382  0 
 7383  0 
 7384  0 
 7385  0 
 7386  0 
 7387  0 
 7388  0 
 7389  0 
 7390  0 
 7391  0 
 7392  0 
 7393  0 
 7394  0 
 7395  0 
 7396  0 
 7397  0 
 7398  0 
 7399  0 
 7400  0 
 7401  0 
 7402  0 
 7403  0 
 7404  0 
 7405  0 
 7406  0 
 7407  0 
 7408  0 
 7409  0 
 7410  1 
 7411  0 
 7412  0 
 7413  0 
 7414  0 
 7415  0 
 7416  0 
 7417  0 
 7418  0 
 7419  0 
 7420  0 
 7421  0 
 7422  0 
 7423  0 
 7424  0 
 7425  0 
 7426  0 
 7427  0 
 7428  0 
 7429  1 
 7430  0 
 7431  0 
 7432  0 
 7433  0 
 7434  0 
 7435  0 
 7436  0 
 7437  0 
 7438  0 
 7439  0 
 7440  0 
 7441  0 
 7442  0 
 7443  0 
 7444  0 
 7445  1 
 7446  0 
 7447  0 
 7448  0 
 7449  0 
 7450  0 
 7451  0 
 7452  0 
 7453  0 
 7454  0 
 7455  0 
 7456  0 
 7457  0 
 7458  0 
 7459  0 
 7460  1 
 7461  0 
 7462  0 
 7463  0 
 7464  0 
 7465  0 
 7466  2 
 7467  0 
 7468  0 
 7469  0 
 7470  0 
 7471  0 
 7472  0 
 7473  0 
 7474  0 
 7475  0 
 7476  0 
 7477  1 
 7478  0 
 7479  0 
 7480  0 
 7481  0 
 7482  0 
 7483  0 
 7484  0 
 7485  0 
 7486  1 
 7487  0 
 7488  0 
 7489  0 
 7490  0 
 7491  0 
 7492  0 
 7493  0 
 7494  0 
 7495  0 
 7496  0 
 7497  0 
 7498  0 
 7499  0 
 7500  1 
 7501  0 
 7502  0 
 7503  0 
 7504  0 
 7505  1 
 7506  0 
 7507  1 
 7508  0 
 7509  0 
 7510  0 
 7511  0 
 7512  0 
 7513  0 
 7514  0 
 7515  0 
 7516  0 
 7517  0 
 7518  0 
 7519  0 
 7520  0 
 7521  0 
 7522  0 
 7523  0 
 7524  0 
 7525  0 
 7526  0 
 7527  0 
 7528  0 
 7529  0 
 7530  0 
 7531  0 
 7532  0 
 7533  0 
 7534  0 
 7535  0 
 7536  0 
 7537  0 
 7538  0 
 7539  0 
 7540  0 
 7541  0 
 7542  0 
 7543  0 
 7544  0 
 7545  0 
 7546  0 
 7547  0 
 7548  0 
 7549  0 
 7550  0 
 7551  1 
 7552  0 
 7553  0 
 7554  0 
 7555  0 
 7556  0 
 7557  0 
 7558  0 
 7559  0 
 7560  0 
 7561  0 
 7562  0 
 7563  0 
 7564  0 
 7565  0 
 7566  0 
 7567  0 
 7568  0 
 7569  0 
 7570  0 
 7571  0 
 7572  0 
 7573  0 
 7574  0 
 7575  0 
 7576  0 
 7577  0 
 7578  0 
 7579  1 
 7580  0 
 7581  0 
 7582  0 
 7583  0 
 7584  0 
 7585  0 
 7586  0 
 7587  0 
 7588  0 
 7589  0 
 7590  0 
 7591  0 
 7592  0 
 7593  0 
 7594  0 
 7595  0 
 7596  0 
 7597  0 
 7598  0 
 7599  0 
 7600  0 
 7601  0 
 7602  0 
 7603  0 
 7604  0 
 7605  0 
 7606  0 
 7607  0 
 7608  0 
 7609  0 
 7610  0 
 7611  0 
 7612  0 
 7613  0 
 7614  0 
 7615  0 
 7616  0 
 7617  0 
 7618  0 
 7619  0 
 7620  0 
 7621  0 
 7622  0 
 7623  0 
 7624  0 
 7625  0 
 7626  0 
 7627  0 
 7628  1 
 7629  0 
 7630  0 
 7631  0 
 7632  0 
 7633  0 
 7634  0 
 7635  0 
 7636  0 
 7637  0 
 7638  0 
 7639  0 
 7640  0 
 7641  0 
 7642  0 
 7643  0 
 7644  0 
 7645  1 
 7646  1 
 7647  0 
 7648  0 
 7649  0 
 7650  0 
 7651  0 
 7652  0 
 7653  0 
 7654  0 
 7655  1 
 7656  0 
 7657  1 
 7658  0 
 7659  0 
 7660  0 
 7661  0 
 7662  0 
 7663  0 
 7664  0 
 7665  0 
 7666  0 
 7667  0 
 7668  0 
 7669  0 
 7670  0 
 7671  0 
 7672  1 
 7673  0 
 7674  0 
 7675  1 
 7676  0 
 7677  0 
 7678  0 
 7679  0 
 7680  0 
 7681  0 
 7682  0 
 7683  0 
 7684  0 
 7685  0 
 7686  0 
 7687  0 
 7688  0 
 7689  0 
 7690  0 
 7691  0 
 7692  0 
 7693  0 
 7694  0 
 7695  0 
 7696  0 
 7697  0 
 7698  0 
 7699  0 
 7700  0 
 7701  0 
 7702  0 
 7703  0 
 7704  0 
 7705  0 
 7706  0 
 7707  1 
 7708  0 
 7709  0 
 7710  0 
 7711  0 
 7712  0 
 7713  0 
 7714  0 
 7715  0 
 7716  0 
 7717  0 
 7718  0 
 7719  0 
 7720  0 
 7721  0 
 7722  0 
 7723  0 
 7724  0 
 7725  0 
 7726  0 
 7727  0 
 7728  0 
 7729  0 
 7730  1 
 7731  0 
 7732  0 
 7733  0 
 7734  0 
 7735  0 
 7736  0 
 7737  0 
 7738  0 
 7739  0 
 7740  0 
 7741  0 
 7742  0 
 7743  0 
 7744  0 
 7745  0 
 7746  0 
 7747  0 
 7748  0 
 7749  0 
 7750  0 
 7751  0 
 7752  0 
 7753  0 
 7754  0 
 7755  0 
 7756  0 
 7757  0 
 7758  0 
 7759  0 
 7760  0 
 7761  1 
 7762  0 
 7763  1 
 7764  0 
 7765  0 
 7766  0 
 7767  0 
 7768  0 
 7769  0 
 7770  0 
 7771  0 
 7772  0 
 7773  0 
 7774  0 
 7775  0 
 7776  0 
 7777  0 
 7778  0 
 7779  0 
 7780  0 
 7781  0 
 7782  0 
 7783  0 
 7784  0 
 7785  0 
 7786  0 
 7787  0 
 7788  0 
 7789  0 
 7790  0 
 7791  0 
 7792  0 
 7793  0 
 7794  0 
 7795  0 
 7796  0 
 7797  0 
 7798  0 
 7799  0 
 7800  0 
 7801  0 
 7802  0 
 7803  1 
 7804  0 
 7805  0 
 7806  0 
 7807  0 
 7808  0 
 7809  0 
 7810  0 
 7811  0 
 7812  0 
 7813  0 
 7814  0 
 7815  0 
 7816  0 
 7817  0 
 7818  0 
 7819  0 
 7820  1 
 7821  0 
 7822  0 
 7823  0 
 7824  0 
 7825  0 
 7826  0 
 7827  0 
 7828  0 
 7829  0 
 7830  0 
 7831  0 
 7832  0 
 7833  0 
 7834  0 
 7835  0 
 7836  0 
 7837  0 
 7838  1 
 7839  0 
 7840  0 
 7841  0 
 7842  0 
 7843  0 
 7844  0 
 7845  0 
 7846  0 
 7847  0 
 7848  0 
 7849  0 
 7850  0 
 7851  0 
 7852  0 
 7853  0 
 7854  0 
 7855  0 
 7856  0 
 7857  0 
 7858  0 
 7859  0 
 7860  0 
 7861  0 
 7862  0 
 7863  1 
 7864  0 
 7865  0 
 7866  0 
 7867  0 
 7868  0 
 7869  0 
 7870  0 
 7871  0 
 7872  0 
 7873  0 
 7874  0 
 7875  0 
 7876  0 
 7877  0 
 7878  0 
 7879  0 
 7880  0 
 7881  1 
 7882  0 
 7883  0 
 7884  0 
 7885  0 
 7886  0 
 7887  0 
 7888  1 
 7889  0 
 7890  0 
 7891  0 
 7892  0 
 7893  0 
 7894  0 
 7895  0 
 7896  0 
 7897  0 
 7898  0 
 7899  0 
 7900  0 
 7901  0 
 7902  0 
 7903  0 
 7904  0 
 7905  1 
 7906  0 
 7907  0 
 7908  0 
 7909  0 
 7910  0 
 7911  0 
 7912  0 
 7913  0 
 7914  0 
 7915  0 
 7916  0 
 7917  0 
 7918  0 
 7919  0 
 7920  0 
 7921  0 
 7922  0 
 7923  0 
 7924  0 
 7925  0 
 7926  1 
 7927  0 
 7928  0 
 7929  1 
 7930  0 
 7931  1 
 7932  1 
 7933  0 
 7934  0 
 7935  0 
 7936  0 
 7937  1 
 7938  0 
 7939  1 
 7940  1 
 7941  0 
 7942  0 
 7943  0 
 7944  0 
 7945  0 
 7946  0 
 7947  0 
 7948  0 
 7949  0 
 7950  0 
 7951  0 
 7952  0 
 7953  0 
 7954  0 
 7955  0 
 7956  0 
 7957  0 
 7958  0 
 7959  0 
 7960  0 
 7961  0 
 7962  0 
 7963  0 
 7964  0 
 7965  0 
 7966  0 
 7967  0 
 7968  0 
 7969  0 
 7970  0 
 7971  0 
 7972  0 
 7973  0 
 7974  0 
 7975  0 
 7976  1 
 7977  0 
 7978  0 
 7979  0 
 7980  0 
 7981  0 
 7982  0 
 7983  0 
 7984  0 
 7985  0 
 7986  0 
 7987  0 
 7988  1 
 7989  0 
 7990  0 
 7991  0 
 7992  0 
 7993  0 
 7994  0 
 7995  0 
 7996  0 
 7997  1 
 7998  0 
 7999  0 
 8000  0 
 8001  0 
 8002  0 
 8003  1 
 8004  0 
 8005  1 
 8006  0 
 8007  0 
 8008  0 
 8009  0 
 8010  0 
 8011  0 
 8012  0 
 8013  0 
 8014  0 
 8015  0 
 8016  0 
 8017  0 
 8018  0 
 8019  0 
 8020  0 
 8021  0 
 8022  0 
 8023  0 
 8024  0 
 8025  0 
 8026  0 
 8027  0 
 8028  0 
 8029  0 
 8030  0 
 8031  0 
 8032  0 
 8033  0 
 8034  0 
 8035  0 
 8036  0 
 8037  0 
 8038  0 
 8039  0 
 8040  0 
 8041  0 
 8042  0 
 8043  0 
 8044  0 
 8045  0 
 8046  0 
 8047  0 
 8048  0 
 8049  0 
 8050  0 
 8051  0 
 8052  0 
 8053  0 
 8054  0 
 8055  0 
 8056  0 
 8057  0 
 8058  0 
 8059  0 
 8060  0 
 8061  0 
 8062  1 
 8063  0 
 8064  0 
 8065  0 
 8066  0 
 8067  0 
 8068  0 
 8069  0 
 8070  0 
 8071  0 
 8072  0 
 8073  0 
 8074  0 
 8075  0 
 8076  0 
 8077  0 
 8078  0 
 8079  0 
 8080  0 
 8081  0 
 8082  0 
 8083  0 
 8084  0 
 8085  0 
 8086  0 
 8087  0 
 8088  0 
 8089  0 
 8090  0 
 8091  0 
 8092  0 
 8093  0 
 8094  0 
 8095  0 
 8096  0 
 8097  0 
 8098  0 
 8099  1 
 8100  1 
 8101  0 
 8102  0 
 8103  0 
 8104  0 
 8105  0 
 8106  0 
 8107  0 
 8108  0 
 8109  0 
 8110  0 
 8111  0 
 8112  0 
 8113  0 
 8114  0 
 8115  1 
 8116  0 
 8117  0 
 8118  0 
 8119  0 
 8120  1 
 8121  1 
 8122  0 
 8123  0 
 8124  0 
 8125  0 
 8126  0 
 8127  0 
 8128  0 
 8129  0 
 8130  0 
 8131  0 
 8132  0 
 8133  0 
 8134  0 
 8135  0 
 8136  0 
 8137  0 
 8138  0 
 8139  0 
 8140  0 
 8141  0 
 8142  0 
 8143  0 
 8144  0 
 8145  0 
 8146  0 
 8147  0 
 8148  1 
 8149  0 
 8150  0 
 8151  0 
 8152  0 
 8153  0 
 8154  0 
 8155  0 
 8156  0 
 8157  0 
 8158  0 
 8159  0 
 8160  0 
 8161  0 
 8162  0 
 8163  0 
 8164  0 
 8165  1 
 8166  0 
 8167  0 
 8168  0 
 8169  0 
 8170  0 
 8171  2 
 8172  0 
 8173  0 
 8174  1 
 8175  0 
 8176  0 
 8177  0 
 8178  0 
 8179  0 
 8180  0 
 8181  0 
 8182  0 
 8183  0 
 8184  0 
 8185  0 
 8186  0 
 8187  0 
 8188  0 
 8189  0 
 8190  0 
 8191  0 
