 0  1431 
 1  1447 
 2  0 
 3  0 
 4  0 
 5  0 
 6  0 
 7  0 
 8  0 
 9  0 
 10  0 
 11  0 
 12  0 
 13  0 
 14  0 
 15  0 
 16  0 
 17  0 
 18  0 
 19  0 
 20  0 
 21  0 
 22  0 
 23  0 
 24  0 
 25  0 
 26  0 
 27  0 
 28  0 
 29  0 
 30  0 
 31  0 
 32  0 
 33  0 
 34  0 
 35  0 
 36  0 
 37  0 
 38  0 
 39  0 
 40  0 
 41  0 
 42  0 
 43  0 
 44  0 
 45  0 
 46  0 
 47  0 
 48  0 
 49  0 
 50  0 
 51  0 
 52  0 
 53  0 
 54  0 
 55  0 
 56  0 
 57  0 
 58  0 
 59  0 
 60  0 
 61  0 
 62  0 
 63  0 
 64  0 
 65  0 
 66  0 
 67  0 
 68  0 
 69  0 
 70  0 
 71  0 
 72  0 
 73  0 
 74  0 
 75  0 
 76  0 
 77  0 
 78  0 
 79  0 
 80  0 
 81  0 
 82  0 
 83  0 
 84  0 
 85  0 
 86  0 
 87  0 
 88  0 
 89  0 
 90  0 
 91  0 
 92  0 
 93  0 
 94  0 
 95  0 
 96  0 
 97  0 
 98  0 
 99  0 
 100  0 
 101  0 
 102  0 
 103  0 
 104  0 
 105  0 
 106  0 
 107  0 
 108  0 
 109  0 
 110  0 
 111  0 
 112  0 
 113  0 
 114  0 
 115  0 
 116  0 
 117  0 
 118  0 
 119  0 
 120  0 
 121  0 
 122  0 
 123  0 
 124  0 
 125  0 
 126  0 
 127  0 
 128  0 
 129  0 
 130  0 
 131  0 
 132  0 
 133  0 
 134  0 
 135  0 
 136  0 
 137  0 
 138  0 
 139  0 
 140  0 
 141  0 
 142  0 
 143  0 
 144  0 
 145  0 
 146  0 
 147  0 
 148  0 
 149  0 
 150  0 
 151  0 
 152  0 
 153  0 
 154  0 
 155  0 
 156  0 
 157  0 
 158  0 
 159  0 
 160  0 
 161  0 
 162  0 
 163  0 
 164  0 
 165  0 
 166  0 
 167  0 
 168  0 
 169  0 
 170  0 
 171  0 
 172  0 
 173  0 
 174  0 
 175  0 
 176  0 
 177  0 
 178  0 
 179  0 
 180  0 
 181  0 
 182  0 
 183  0 
 184  0 
 185  0 
 186  0 
 187  0 
 188  0 
 189  0 
 190  0 
 191  0 
 192  0 
 193  0 
 194  0 
 195  0 
 196  0 
 197  0 
 198  0 
 199  0 
 200  0 
 201  0 
 202  0 
 203  0 
 204  0 
 205  0 
 206  0 
 207  0 
 208  0 
 209  0 
 210  0 
 211  0 
 212  0 
 213  0 
 214  0 
 215  0 
 216  0 
 217  0 
 218  0 
 219  0 
 220  0 
 221  0 
 222  0 
 223  0 
 224  0 
 225  0 
 226  0 
 227  0 
 228  0 
 229  0 
 230  0 
 231  0 
 232  0 
 233  0 
 234  0 
 235  0 
 236  0 
 237  0 
 238  0 
 239  0 
 240  0 
 241  0 
 242  0 
 243  0 
 244  0 
 245  0 
 246  0 
 247  0 
 248  0 
 249  0 
 250  0 
 251  0 
 252  0 
 253  0 
 254  0 
 255  0 
 256  0 
 257  0 
 258  0 
 259  0 
 260  0 
 261  0 
 262  0 
 263  0 
 264  0 
 265  0 
 266  0 
 267  0 
 268  0 
 269  0 
 270  0 
 271  0 
 272  0 
 273  0 
 274  0 
 275  0 
 276  0 
 277  0 
 278  0 
 279  0 
 280  0 
 281  0 
 282  0 
 283  0 
 284  0 
 285  0 
 286  0 
 287  0 
 288  0 
 289  0 
 290  0 
 291  0 
 292  0 
 293  0 
 294  0 
 295  0 
 296  0 
 297  0 
 298  0 
 299  0 
 300  0 
 301  0 
 302  0 
 303  0 
 304  0 
 305  0 
 306  0 
 307  0 
 308  0 
 309  0 
 310  0 
 311  0 
 312  0 
 313  0 
 314  0 
 315  0 
 316  0 
 317  0 
 318  0 
 319  0 
 320  0 
 321  0 
 322  0 
 323  0 
 324  0 
 325  0 
 326  0 
 327  0 
 328  0 
 329  0 
 330  0 
 331  0 
 332  0 
 333  0 
 334  0 
 335  0 
 336  0 
 337  0 
 338  0 
 339  0 
 340  0 
 341  0 
 342  0 
 343  0 
 344  0 
 345  0 
 346  0 
 347  0 
 348  0 
 349  0 
 350  0 
 351  0 
 352  0 
 353  0 
 354  0 
 355  0 
 356  0 
 357  0 
 358  0 
 359  0 
 360  0 
 361  0 
 362  0 
 363  0 
 364  0 
 365  0 
 366  0 
 367  0 
 368  0 
 369  0 
 370  0 
 371  0 
 372  0 
 373  0 
 374  0 
 375  0 
 376  0 
 377  0 
 378  0 
 379  0 
 380  0 
 381  0 
 382  0 
 383  0 
 384  0 
 385  0 
 386  0 
 387  0 
 388  0 
 389  0 
 390  0 
 391  0 
 392  0 
 393  0 
 394  0 
 395  0 
 396  0 
 397  0 
 398  0 
 399  0 
 400  0 
 401  0 
 402  0 
 403  0 
 404  0 
 405  0 
 406  0 
 407  0 
 408  0 
 409  0 
 410  0 
 411  0 
 412  0 
 413  0 
 414  0 
 415  0 
 416  0 
 417  0 
 418  0 
 419  0 
 420  0 
 421  0 
 422  0 
 423  0 
 424  0 
 425  0 
 426  0 
 427  0 
 428  0 
 429  0 
 430  0 
 431  0 
 432  0 
 433  0 
 434  0 
 435  0 
 436  0 
 437  0 
 438  0 
 439  0 
 440  0 
 441  0 
 442  0 
 443  0 
 444  0 
 445  0 
 446  0 
 447  0 
 448  0 
 449  0 
 450  0 
 451  0 
 452  0 
 453  0 
 454  0 
 455  0 
 456  0 
 457  0 
 458  0 
 459  0 
 460  0 
 461  0 
 462  0 
 463  0 
 464  0 
 465  0 
 466  0 
 467  0 
 468  0 
 469  0 
 470  0 
 471  0 
 472  0 
 473  0 
 474  0 
 475  0 
 476  0 
 477  0 
 478  0 
 479  0 
 480  0 
 481  0 
 482  1 
 483  0 
 484  0 
 485  0 
 486  0 
 487  9 
 488  23 
 489  13 
 490  21 
 491  24 
 492  10 
 493  13 
 494  14 
 495  12 
 496  17 
 497  20 
 498  15 
 499  17 
 500  13 
 501  26 
 502  14 
 503  18 
 504  14 
 505  10 
 506  13 
 507  18 
 508  16 
 509  8 
 510  18 
 511  14 
 512  13 
 513  17 
 514  18 
 515  21 
 516  20 
 517  22 
 518  19 
 519  13 
 520  16 
 521  13 
 522  19 
 523  17 
 524  13 
 525  16 
 526  22 
 527  16 
 528  12 
 529  23 
 530  17 
 531  11 
 532  8 
 533  19 
 534  16 
 535  21 
 536  18 
 537  14 
 538  13 
 539  13 
 540  13 
 541  14 
 542  22 
 543  16 
 544  9 
 545  15 
 546  17 
 547  12 
 548  13 
 549  22 
 550  15 
 551  14 
 552  14 
 553  27 
 554  17 
 555  13 
 556  16 
 557  16 
 558  16 
 559  13 
 560  15 
 561  13 
 562  12 
 563  17 
 564  17 
 565  11 
 566  15 
 567  13 
 568  15 
 569  13 
 570  12 
 571  22 
 572  23 
 573  16 
 574  16 
 575  17 
 576  13 
 577  9 
 578  10 
 579  20 
 580  15 
 581  15 
 582  18 
 583  14 
 584  9 
 585  16 
 586  17 
 587  14 
 588  12 
 589  9 
 590  11 
 591  18 
 592  18 
 593  14 
 594  24 
 595  9 
 596  10 
 597  20 
 598  10 
 599  12 
 600  13 
 601  12 
 602  20 
 603  16 
 604  15 
 605  17 
 606  16 
 607  16 
 608  14 
 609  11 
 610  15 
 611  10 
 612  11 
 613  15 
 614  12 
 615  8 
 616  18 
 617  11 
 618  17 
 619  19 
 620  19 
 621  22 
 622  18 
 623  11 
 624  10 
 625  8 
 626  10 
 627  12 
 628  11 
 629  14 
 630  13 
 631  14 
 632  13 
 633  16 
 634  7 
 635  15 
 636  13 
 637  11 
 638  14 
 639  12 
 640  15 
 641  12 
 642  11 
 643  11 
 644  17 
 645  13 
 646  10 
 647  16 
 648  7 
 649  11 
 650  9 
 651  15 
 652  12 
 653  16 
 654  14 
 655  18 
 656  12 
 657  13 
 658  10 
 659  16 
 660  14 
 661  9 
 662  16 
 663  10 
 664  11 
 665  12 
 666  17 
 667  20 
 668  12 
 669  19 
 670  19 
 671  9 
 672  17 
 673  13 
 674  18 
 675  12 
 676  14 
 677  15 
 678  14 
 679  9 
 680  16 
 681  9 
 682  14 
 683  15 
 684  13 
 685  7 
 686  9 
 687  10 
 688  11 
 689  17 
 690  12 
 691  13 
 692  10 
 693  17 
 694  13 
 695  20 
 696  13 
 697  16 
 698  13 
 699  16 
 700  17 
 701  14 
 702  14 
 703  13 
 704  17 
 705  10 
 706  12 
 707  18 
 708  11 
 709  16 
 710  13 
 711  23 
 712  10 
 713  10 
 714  15 
 715  12 
 716  12 
 717  14 
 718  9 
 719  12 
 720  12 
 721  16 
 722  11 
 723  10 
 724  15 
 725  16 
 726  15 
 727  18 
 728  17 
 729  6 
 730  11 
 731  9 
 732  18 
 733  18 
 734  16 
 735  17 
 736  13 
 737  12 
 738  14 
 739  9 
 740  16 
 741  13 
 742  12 
 743  14 
 744  12 
 745  10 
 746  14 
 747  17 
 748  13 
 749  18 
 750  14 
 751  19 
 752  18 
 753  18 
 754  14 
 755  12 
 756  7 
 757  14 
 758  21 
 759  17 
 760  12 
 761  15 
 762  15 
 763  12 
 764  17 
 765  17 
 766  12 
 767  12 
 768  15 
 769  11 
 770  12 
 771  12 
 772  9 
 773  17 
 774  8 
 775  17 
 776  11 
 777  14 
 778  7 
 779  13 
 780  17 
 781  8 
 782  17 
 783  12 
 784  12 
 785  8 
 786  9 
 787  13 
 788  12 
 789  6 
 790  17 
 791  12 
 792  17 
 793  10 
 794  17 
 795  15 
 796  22 
 797  14 
 798  7 
 799  19 
 800  6 
 801  15 
 802  9 
 803  18 
 804  16 
 805  12 
 806  12 
 807  10 
 808  14 
 809  6 
 810  14 
 811  9 
 812  10 
 813  10 
 814  16 
 815  14 
 816  12 
 817  13 
 818  7 
 819  17 
 820  12 
 821  15 
 822  13 
 823  14 
 824  14 
 825  10 
 826  18 
 827  10 
 828  16 
 829  8 
 830  13 
 831  19 
 832  14 
 833  17 
 834  5 
 835  17 
 836  7 
 837  13 
 838  13 
 839  14 
 840  11 
 841  9 
 842  19 
 843  13 
 844  15 
 845  7 
 846  14 
 847  10 
 848  13 
 849  18 
 850  10 
 851  13 
 852  15 
 853  14 
 854  18 
 855  6 
 856  12 
 857  8 
 858  14 
 859  8 
 860  7 
 861  10 
 862  8 
 863  11 
 864  10 
 865  14 
 866  12 
 867  15 
 868  8 
 869  8 
 870  9 
 871  12 
 872  13 
 873  15 
 874  10 
 875  11 
 876  14 
 877  12 
 878  18 
 879  8 
 880  15 
 881  8 
 882  15 
 883  19 
 884  11 
 885  16 
 886  21 
 887  12 
 888  17 
 889  10 
 890  21 
 891  6 
 892  13 
 893  10 
 894  15 
 895  13 
 896  10 
 897  12 
 898  12 
 899  15 
 900  12 
 901  12 
 902  13 
 903  15 
 904  12 
 905  12 
 906  12 
 907  17 
 908  13 
 909  11 
 910  15 
 911  17 
 912  20 
 913  16 
 914  17 
 915  10 
 916  9 
 917  16 
 918  12 
 919  15 
 920  14 
 921  8 
 922  21 
 923  10 
 924  10 
 925  13 
 926  9 
 927  9 
 928  5 
 929  14 
 930  12 
 931  8 
 932  9 
 933  16 
 934  10 
 935  13 
 936  13 
 937  18 
 938  8 
 939  18 
 940  13 
 941  12 
 942  8 
 943  19 
 944  14 
 945  10 
 946  11 
 947  15 
 948  8 
 949  11 
 950  8 
 951  13 
 952  11 
 953  16 
 954  16 
 955  15 
 956  19 
 957  15 
 958  9 
 959  9 
 960  14 
 961  10 
 962  12 
 963  10 
 964  11 
 965  14 
 966  9 
 967  11 
 968  13 
 969  11 
 970  10 
 971  15 
 972  13 
 973  9 
 974  15 
 975  12 
 976  12 
 977  11 
 978  8 
 979  7 
 980  12 
 981  13 
 982  9 
 983  9 
 984  4 
 985  14 
 986  9 
 987  19 
 988  13 
 989  13 
 990  8 
 991  9 
 992  13 
 993  10 
 994  15 
 995  11 
 996  8 
 997  14 
 998  9 
 999  14 
 1000  11 
 1001  7 
 1002  10 
 1003  14 
 1004  8 
 1005  11 
 1006  9 
 1007  14 
 1008  9 
 1009  7 
 1010  9 
 1011  14 
 1012  13 
 1013  13 
 1014  7 
 1015  16 
 1016  10 
 1017  7 
 1018  14 
 1019  8 
 1020  10 
 1021  9 
 1022  13 
 1023  13 
 1024  15 
 1025  16 
 1026  8 
 1027  15 
 1028  9 
 1029  16 
 1030  14 
 1031  7 
 1032  10 
 1033  16 
 1034  9 
 1035  16 
 1036  13 
 1037  9 
 1038  15 
 1039  10 
 1040  6 
 1041  5 
 1042  16 
 1043  17 
 1044  14 
 1045  10 
 1046  9 
 1047  7 
 1048  14 
 1049  14 
 1050  14 
 1051  7 
 1052  15 
 1053  11 
 1054  8 
 1055  12 
 1056  9 
 1057  11 
 1058  9 
 1059  17 
 1060  18 
 1061  9 
 1062  12 
 1063  4 
 1064  15 
 1065  12 
 1066  11 
 1067  8 
 1068  7 
 1069  17 
 1070  15 
 1071  16 
 1072  9 
 1073  12 
 1074  13 
 1075  11 
 1076  8 
 1077  12 
 1078  10 
 1079  7 
 1080  17 
 1081  8 
 1082  9 
 1083  16 
 1084  8 
 1085  13 
 1086  11 
 1087  14 
 1088  10 
 1089  11 
 1090  16 
 1091  11 
 1092  7 
 1093  6 
 1094  12 
 1095  13 
 1096  3 
 1097  9 
 1098  11 
 1099  8 
 1100  10 
 1101  10 
 1102  10 
 1103  18 
 1104  9 
 1105  15 
 1106  10 
 1107  10 
 1108  18 
 1109  6 
 1110  11 
 1111  23 
 1112  10 
 1113  8 
 1114  9 
 1115  15 
 1116  9 
 1117  20 
 1118  14 
 1119  11 
 1120  15 
 1121  9 
 1122  19 
 1123  5 
 1124  14 
 1125  9 
 1126  15 
 1127  15 
 1128  17 
 1129  8 
 1130  13 
 1131  17 
 1132  12 
 1133  10 
 1134  13 
 1135  14 
 1136  7 
 1137  13 
 1138  7 
 1139  17 
 1140  17 
 1141  7 
 1142  9 
 1143  13 
 1144  14 
 1145  10 
 1146  10 
 1147  15 
 1148  13 
 1149  12 
 1150  11 
 1151  12 
 1152  8 
 1153  5 
 1154  9 
 1155  13 
 1156  8 
 1157  12 
 1158  10 
 1159  9 
 1160  6 
 1161  9 
 1162  9 
 1163  11 
 1164  12 
 1165  6 
 1166  12 
 1167  12 
 1168  17 
 1169  11 
 1170  7 
 1171  10 
 1172  13 
 1173  9 
 1174  7 
 1175  18 
 1176  7 
 1177  10 
 1178  7 
 1179  9 
 1180  15 
 1181  7 
 1182  10 
 1183  7 
 1184  14 
 1185  11 
 1186  10 
 1187  13 
 1188  11 
 1189  10 
 1190  8 
 1191  7 
 1192  11 
 1193  8 
 1194  12 
 1195  13 
 1196  8 
 1197  12 
 1198  10 
 1199  12 
 1200  15 
 1201  8 
 1202  11 
 1203  11 
 1204  15 
 1205  9 
 1206  11 
 1207  18 
 1208  6 
 1209  8 
 1210  18 
 1211  9 
 1212  14 
 1213  8 
 1214  11 
 1215  17 
 1216  10 
 1217  10 
 1218  10 
 1219  8 
 1220  5 
 1221  15 
 1222  9 
 1223  15 
 1224  12 
 1225  10 
 1226  7 
 1227  12 
 1228  12 
 1229  16 
 1230  19 
 1231  6 
 1232  8 
 1233  15 
 1234  4 
 1235  10 
 1236  6 
 1237  4 
 1238  12 
 1239  6 
 1240  9 
 1241  7 
 1242  11 
 1243  16 
 1244  8 
 1245  10 
 1246  11 
 1247  11 
 1248  11 
 1249  8 
 1250  8 
 1251  10 
 1252  10 
 1253  8 
 1254  10 
 1255  9 
 1256  14 
 1257  6 
 1258  10 
 1259  6 
 1260  10 
 1261  9 
 1262  10 
 1263  3 
 1264  8 
 1265  12 
 1266  16 
 1267  3 
 1268  8 
 1269  10 
 1270  22 
 1271  11 
 1272  12 
 1273  10 
 1274  12 
 1275  12 
 1276  14 
 1277  10 
 1278  11 
 1279  10 
 1280  14 
 1281  8 
 1282  7 
 1283  13 
 1284  6 
 1285  11 
 1286  10 
 1287  15 
 1288  7 
 1289  14 
 1290  17 
 1291  15 
 1292  14 
 1293  6 
 1294  15 
 1295  11 
 1296  9 
 1297  9 
 1298  16 
 1299  9 
 1300  7 
 1301  15 
 1302  4 
 1303  7 
 1304  2 
 1305  12 
 1306  14 
 1307  14 
 1308  9 
 1309  5 
 1310  12 
 1311  11 
 1312  9 
 1313  12 
 1314  9 
 1315  12 
 1316  12 
 1317  9 
 1318  7 
 1319  10 
 1320  11 
 1321  9 
 1322  10 
 1323  12 
 1324  4 
 1325  13 
 1326  8 
 1327  7 
 1328  9 
 1329  2 
 1330  12 
 1331  11 
 1332  7 
 1333  6 
 1334  13 
 1335  11 
 1336  15 
 1337  7 
 1338  6 
 1339  8 
 1340  15 
 1341  10 
 1342  13 
 1343  7 
 1344  5 
 1345  6 
 1346  13 
 1347  5 
 1348  11 
 1349  13 
 1350  9 
 1351  10 
 1352  12 
 1353  6 
 1354  7 
 1355  12 
 1356  8 
 1357  10 
 1358  11 
 1359  10 
 1360  9 
 1361  9 
 1362  10 
 1363  5 
 1364  7 
 1365  9 
 1366  7 
 1367  9 
 1368  15 
 1369  7 
 1370  6 
 1371  9 
 1372  11 
 1373  8 
 1374  10 
 1375  9 
 1376  6 
 1377  12 
 1378  9 
 1379  7 
 1380  7 
 1381  13 
 1382  10 
 1383  13 
 1384  10 
 1385  13 
 1386  9 
 1387  10 
 1388  13 
 1389  9 
 1390  10 
 1391  7 
 1392  12 
 1393  10 
 1394  11 
 1395  10 
 1396  8 
 1397  13 
 1398  5 
 1399  11 
 1400  10 
 1401  8 
 1402  10 
 1403  15 
 1404  10 
 1405  6 
 1406  11 
 1407  11 
 1408  12 
 1409  8 
 1410  9 
 1411  5 
 1412  13 
 1413  7 
 1414  5 
 1415  14 
 1416  10 
 1417  7 
 1418  10 
 1419  12 
 1420  12 
 1421  8 
 1422  7 
 1423  14 
 1424  4 
 1425  14 
 1426  7 
 1427  11 
 1428  9 
 1429  9 
 1430  6 
 1431  8 
 1432  10 
 1433  7 
 1434  8 
 1435  5 
 1436  10 
 1437  11 
 1438  11 
 1439  7 
 1440  5 
 1441  6 
 1442  6 
 1443  9 
 1444  15 
 1445  11 
 1446  11 
 1447  5 
 1448  8 
 1449  7 
 1450  9 
 1451  12 
 1452  8 
 1453  10 
 1454  8 
 1455  8 
 1456  10 
 1457  13 
 1458  13 
 1459  4 
 1460  9 
 1461  10 
 1462  9 
 1463  8 
 1464  8 
 1465  8 
 1466  11 
 1467  8 
 1468  13 
 1469  4 
 1470  12 
 1471  7 
 1472  9 
 1473  9 
 1474  8 
 1475  9 
 1476  3 
 1477  5 
 1478  6 
 1479  12 
 1480  11 
 1481  7 
 1482  10 
 1483  6 
 1484  8 
 1485  13 
 1486  8 
 1487  13 
 1488  16 
 1489  7 
 1490  12 
 1491  11 
 1492  8 
 1493  9 
 1494  17 
 1495  9 
 1496  8 
 1497  10 
 1498  14 
 1499  6 
 1500  10 
 1501  4 
 1502  7 
 1503  9 
 1504  9 
 1505  17 
 1506  4 
 1507  14 
 1508  7 
 1509  6 
 1510  10 
 1511  12 
 1512  10 
 1513  9 
 1514  5 
 1515  6 
 1516  8 
 1517  9 
 1518  10 
 1519  7 
 1520  16 
 1521  12 
 1522  17 
 1523  16 
 1524  8 
 1525  10 
 1526  11 
 1527  5 
 1528  10 
 1529  12 
 1530  6 
 1531  10 
 1532  9 
 1533  9 
 1534  7 
 1535  6 
 1536  10 
 1537  4 
 1538  9 
 1539  14 
 1540  10 
 1541  10 
 1542  11 
 1543  9 
 1544  2 
 1545  5 
 1546  8 
 1547  12 
 1548  8 
 1549  9 
 1550  12 
 1551  3 
 1552  11 
 1553  6 
 1554  7 
 1555  5 
 1556  8 
 1557  12 
 1558  10 
 1559  7 
 1560  9 
 1561  6 
 1562  6 
 1563  5 
 1564  9 
 1565  9 
 1566  9 
 1567  10 
 1568  5 
 1569  6 
 1570  4 
 1571  7 
 1572  4 
 1573  11 
 1574  9 
 1575  10 
 1576  17 
 1577  8 
 1578  6 
 1579  8 
 1580  9 
 1581  17 
 1582  4 
 1583  5 
 1584  9 
 1585  3 
 1586  12 
 1587  8 
 1588  11 
 1589  13 
 1590  10 
 1591  13 
 1592  5 
 1593  7 
 1594  5 
 1595  8 
 1596  13 
 1597  7 
 1598  11 
 1599  9 
 1600  4 
 1601  11 
 1602  13 
 1603  9 
 1604  11 
 1605  10 
 1606  11 
 1607  7 
 1608  5 
 1609  9 
 1610  11 
 1611  9 
 1612  12 
 1613  8 
 1614  12 
 1615  12 
 1616  9 
 1617  15 
 1618  8 
 1619  10 
 1620  10 
 1621  7 
 1622  8 
 1623  7 
 1624  5 
 1625  15 
 1626  7 
 1627  10 
 1628  12 
 1629  7 
 1630  5 
 1631  5 
 1632  12 
 1633  13 
 1634  10 
 1635  10 
 1636  11 
 1637  5 
 1638  11 
 1639  13 
 1640  5 
 1641  13 
 1642  5 
 1643  11 
 1644  9 
 1645  13 
 1646  12 
 1647  8 
 1648  13 
 1649  6 
 1650  5 
 1651  10 
 1652  9 
 1653  10 
 1654  5 
 1655  10 
 1656  6 
 1657  13 
 1658  9 
 1659  14 
 1660  8 
 1661  11 
 1662  6 
 1663  11 
 1664  10 
 1665  12 
 1666  12 
 1667  3 
 1668  10 
 1669  6 
 1670  6 
 1671  5 
 1672  11 
 1673  10 
 1674  7 
 1675  11 
 1676  6 
 1677  8 
 1678  6 
 1679  8 
 1680  6 
 1681  11 
 1682  9 
 1683  8 
 1684  7 
 1685  8 
 1686  12 
 1687  12 
 1688  7 
 1689  10 
 1690  11 
 1691  14 
 1692  16 
 1693  10 
 1694  15 
 1695  9 
 1696  7 
 1697  4 
 1698  8 
 1699  8 
 1700  8 
 1701  5 
 1702  5 
 1703  9 
 1704  7 
 1705  5 
 1706  9 
 1707  11 
 1708  6 
 1709  7 
 1710  5 
 1711  10 
 1712  7 
 1713  11 
 1714  6 
 1715  7 
 1716  11 
 1717  10 
 1718  6 
 1719  15 
 1720  9 
 1721  7 
 1722  8 
 1723  6 
 1724  9 
 1725  11 
 1726  10 
 1727  10 
 1728  9 
 1729  9 
 1730  10 
 1731  7 
 1732  9 
 1733  6 
 1734  12 
 1735  9 
 1736  6 
 1737  11 
 1738  13 
 1739  14 
 1740  10 
 1741  10 
 1742  6 
 1743  7 
 1744  11 
 1745  10 
 1746  10 
 1747  12 
 1748  9 
 1749  9 
 1750  10 
 1751  6 
 1752  8 
 1753  8 
 1754  9 
 1755  5 
 1756  5 
 1757  7 
 1758  10 
 1759  9 
 1760  7 
 1761  8 
 1762  9 
 1763  10 
 1764  8 
 1765  13 
 1766  6 
 1767  6 
 1768  8 
 1769  8 
 1770  13 
 1771  5 
 1772  7 
 1773  4 
 1774  11 
 1775  8 
 1776  8 
 1777  11 
 1778  7 
 1779  6 
 1780  4 
 1781  11 
 1782  10 
 1783  5 
 1784  12 
 1785  11 
 1786  8 
 1787  3 
 1788  7 
 1789  5 
 1790  13 
 1791  11 
 1792  6 
 1793  11 
 1794  7 
 1795  13 
 1796  6 
 1797  10 
 1798  10 
 1799  8 
 1800  11 
 1801  11 
 1802  7 
 1803  4 
 1804  10 
 1805  15 
 1806  5 
 1807  9 
 1808  6 
 1809  10 
 1810  9 
 1811  7 
 1812  6 
 1813  12 
 1814  6 
 1815  8 
 1816  10 
 1817  8 
 1818  5 
 1819  6 
 1820  10 
 1821  6 
 1822  5 
 1823  4 
 1824  10 
 1825  7 
 1826  9 
 1827  7 
 1828  8 
 1829  8 
 1830  4 
 1831  7 
 1832  6 
 1833  6 
 1834  11 
 1835  7 
 1836  11 
 1837  7 
 1838  9 
 1839  6 
 1840  3 
 1841  10 
 1842  6 
 1843  13 
 1844  8 
 1845  5 
 1846  9 
 1847  9 
 1848  8 
 1849  9 
 1850  7 
 1851  3 
 1852  7 
 1853  11 
 1854  9 
 1855  8 
 1856  3 
 1857  5 
 1858  7 
 1859  8 
 1860  10 
 1861  9 
 1862  9 
 1863  12 
 1864  6 
 1865  8 
 1866  10 
 1867  13 
 1868  10 
 1869  11 
 1870  13 
 1871  12 
 1872  5 
 1873  9 
 1874  8 
 1875  10 
 1876  9 
 1877  11 
 1878  11 
 1879  9 
 1880  10 
 1881  7 
 1882  10 
 1883  9 
 1884  4 
 1885  4 
 1886  14 
 1887  13 
 1888  7 
 1889  8 
 1890  8 
 1891  10 
 1892  7 
 1893  10 
 1894  9 
 1895  5 
 1896  9 
 1897  9 
 1898  6 
 1899  7 
 1900  8 
 1901  11 
 1902  9 
 1903  8 
 1904  8 
 1905  10 
 1906  5 
 1907  9 
 1908  11 
 1909  12 
 1910  8 
 1911  9 
 1912  9 
 1913  9 
 1914  9 
 1915  10 
 1916  14 
 1917  11 
 1918  8 
 1919  6 
 1920  4 
 1921  11 
 1922  12 
 1923  8 
 1924  9 
 1925  5 
 1926  9 
 1927  9 
 1928  5 
 1929  11 
 1930  8 
 1931  10 
 1932  6 
 1933  9 
 1934  5 
 1935  10 
 1936  11 
 1937  9 
 1938  9 
 1939  7 
 1940  9 
 1941  5 
 1942  3 
 1943  4 
 1944  7 
 1945  9 
 1946  11 
 1947  16 
 1948  7 
 1949  12 
 1950  3 
 1951  9 
 1952  7 
 1953  5 
 1954  7 
 1955  7 
 1956  8 
 1957  5 
 1958  7 
 1959  5 
 1960  4 
 1961  6 
 1962  6 
 1963  5 
 1964  8 
 1965  7 
 1966  3 
 1967  7 
 1968  4 
 1969  9 
 1970  10 
 1971  6 
 1972  4 
 1973  12 
 1974  8 
 1975  14 
 1976  4 
 1977  5 
 1978  6 
 1979  6 
 1980  10 
 1981  10 
 1982  6 
 1983  10 
 1984  8 
 1985  6 
 1986  8 
 1987  9 
 1988  5 
 1989  7 
 1990  6 
 1991  9 
 1992  9 
 1993  8 
 1994  7 
 1995  10 
 1996  13 
 1997  18 
 1998  5 
 1999  10 
 2000  5 
 2001  7 
 2002  11 
 2003  5 
 2004  11 
 2005  8 
 2006  5 
 2007  9 
 2008  11 
 2009  9 
 2010  8 
 2011  7 
 2012  7 
 2013  6 
 2014  7 
 2015  3 
 2016  6 
 2017  8 
 2018  7 
 2019  4 
 2020  5 
 2021  7 
 2022  6 
 2023  11 
 2024  7 
 2025  9 
 2026  3 
 2027  11 
 2028  5 
 2029  7 
 2030  9 
 2031  8 
 2032  7 
 2033  4 
 2034  5 
 2035  3 
 2036  8 
 2037  9 
 2038  9 
 2039  12 
 2040  4 
 2041  7 
 2042  7 
 2043  7 
 2044  11 
 2045  8 
 2046  3 
 2047  12 
 2048  12 
 2049  6 
 2050  8 
 2051  10 
 2052  7 
 2053  15 
 2054  8 
 2055  11 
 2056  4 
 2057  10 
 2058  5 
 2059  8 
 2060  6 
 2061  6 
 2062  7 
 2063  8 
 2064  9 
 2065  4 
 2066  7 
 2067  9 
 2068  13 
 2069  6 
 2070  6 
 2071  8 
 2072  9 
 2073  11 
 2074  11 
 2075  3 
 2076  5 
 2077  3 
 2078  11 
 2079  9 
 2080  21 
 2081  7 
 2082  8 
 2083  7 
 2084  3 
 2085  10 
 2086  10 
 2087  6 
 2088  5 
 2089  9 
 2090  6 
 2091  11 
 2092  10 
 2093  3 
 2094  7 
 2095  5 
 2096  5 
 2097  9 
 2098  5 
 2099  8 
 2100  6 
 2101  2 
 2102  6 
 2103  10 
 2104  12 
 2105  3 
 2106  4 
 2107  5 
 2108  14 
 2109  5 
 2110  5 
 2111  10 
 2112  10 
 2113  1 
 2114  5 
 2115  10 
 2116  9 
 2117  9 
 2118  7 
 2119  2 
 2120  9 
 2121  9 
 2122  8 
 2123  8 
 2124  10 
 2125  6 
 2126  4 
 2127  8 
 2128  6 
 2129  8 
 2130  9 
 2131  7 
 2132  7 
 2133  9 
 2134  10 
 2135  5 
 2136  8 
 2137  9 
 2138  4 
 2139  5 
 2140  7 
 2141  5 
 2142  9 
 2143  6 
 2144  8 
 2145  10 
 2146  9 
 2147  7 
 2148  6 
 2149  7 
 2150  9 
 2151  4 
 2152  7 
 2153  5 
 2154  9 
 2155  6 
 2156  11 
 2157  6 
 2158  8 
 2159  10 
 2160  4 
 2161  6 
 2162  4 
 2163  9 
 2164  6 
 2165  4 
 2166  9 
 2167  8 
 2168  11 
 2169  6 
 2170  12 
 2171  9 
 2172  8 
 2173  6 
 2174  9 
 2175  4 
 2176  7 
 2177  8 
 2178  11 
 2179  8 
 2180  9 
 2181  5 
 2182  4 
 2183  8 
 2184  4 
 2185  11 
 2186  5 
 2187  3 
 2188  7 
 2189  8 
 2190  4 
 2191  12 
 2192  11 
 2193  7 
 2194  8 
 2195  9 
 2196  5 
 2197  11 
 2198  8 
 2199  11 
 2200  3 
 2201  10 
 2202  6 
 2203  2 
 2204  5 
 2205  6 
 2206  6 
 2207  8 
 2208  4 
 2209  6 
 2210  4 
 2211  6 
 2212  7 
 2213  6 
 2214  13 
 2215  7 
 2216  3 
 2217  6 
 2218  6 
 2219  5 
 2220  12 
 2221  6 
 2222  8 
 2223  5 
 2224  14 
 2225  8 
 2226  4 
 2227  7 
 2228  4 
 2229  6 
 2230  3 
 2231  4 
 2232  5 
 2233  6 
 2234  6 
 2235  6 
 2236  9 
 2237  10 
 2238  4 
 2239  8 
 2240  7 
 2241  6 
 2242  13 
 2243  6 
 2244  12 
 2245  5 
 2246  6 
 2247  4 
 2248  5 
 2249  4 
 2250  5 
 2251  10 
 2252  6 
 2253  7 
 2254  7 
 2255  7 
 2256  3 
 2257  4 
 2258  9 
 2259  5 
 2260  9 
 2261  14 
 2262  8 
 2263  10 
 2264  8 
 2265  8 
 2266  7 
 2267  7 
 2268  9 
 2269  5 
 2270  9 
 2271  6 
 2272  7 
 2273  6 
 2274  8 
 2275  9 
 2276  7 
 2277  9 
 2278  3 
 2279  5 
 2280  6 
 2281  13 
 2282  6 
 2283  5 
 2284  6 
 2285  5 
 2286  9 
 2287  9 
 2288  3 
 2289  7 
 2290  9 
 2291  7 
 2292  7 
 2293  7 
 2294  9 
 2295  7 
 2296  4 
 2297  3 
 2298  9 
 2299  9 
 2300  10 
 2301  12 
 2302  12 
 2303  10 
 2304  1 
 2305  5 
 2306  7 
 2307  13 
 2308  10 
 2309  7 
 2310  8 
 2311  9 
 2312  7 
 2313  12 
 2314  4 
 2315  8 
 2316  7 
 2317  11 
 2318  3 
 2319  7 
 2320  14 
 2321  5 
 2322  4 
 2323  5 
 2324  7 
 2325  10 
 2326  8 
 2327  6 
 2328  12 
 2329  11 
 2330  6 
 2331  6 
 2332  5 
 2333  4 
 2334  5 
 2335  6 
 2336  8 
 2337  9 
 2338  8 
 2339  7 
 2340  8 
 2341  7 
 2342  10 
 2343  13 
 2344  7 
 2345  11 
 2346  6 
 2347  5 
 2348  5 
 2349  5 
 2350  7 
 2351  6 
 2352  5 
 2353  6 
 2354  8 
 2355  13 
 2356  7 
 2357  7 
 2358  7 
 2359  10 
 2360  10 
 2361  3 
 2362  4 
 2363  3 
 2364  16 
 2365  9 
 2366  8 
 2367  5 
 2368  5 
 2369  8 
 2370  10 
 2371  4 
 2372  3 
 2373  8 
 2374  12 
 2375  4 
 2376  2 
 2377  6 
 2378  6 
 2379  4 
 2380  8 
 2381  5 
 2382  3 
 2383  3 
 2384  10 
 2385  5 
 2386  8 
 2387  6 
 2388  4 
 2389  4 
 2390  7 
 2391  10 
 2392  12 
 2393  9 
 2394  6 
 2395  7 
 2396  5 
 2397  7 
 2398  6 
 2399  6 
 2400  7 
 2401  8 
 2402  8 
 2403  9 
 2404  12 
 2405  8 
 2406  10 
 2407  7 
 2408  4 
 2409  8 
 2410  7 
 2411  5 
 2412  3 
 2413  9 
 2414  6 
 2415  4 
 2416  7 
 2417  14 
 2418  5 
 2419  5 
 2420  7 
 2421  8 
 2422  10 
 2423  5 
 2424  6 
 2425  6 
 2426  8 
 2427  3 
 2428  8 
 2429  5 
 2430  11 
 2431  5 
 2432  9 
 2433  6 
 2434  8 
 2435  6 
 2436  6 
 2437  5 
 2438  5 
 2439  8 
 2440  9 
 2441  5 
 2442  7 
 2443  7 
 2444  6 
 2445  9 
 2446  7 
 2447  7 
 2448  6 
 2449  7 
 2450  3 
 2451  3 
 2452  7 
 2453  11 
 2454  8 
 2455  6 
 2456  4 
 2457  1 
 2458  7 
 2459  7 
 2460  8 
 2461  6 
 2462  3 
 2463  7 
 2464  8 
 2465  4 
 2466  8 
 2467  5 
 2468  4 
 2469  8 
 2470  4 
 2471  6 
 2472  11 
 2473  6 
 2474  4 
 2475  9 
 2476  13 
 2477  5 
 2478  9 
 2479  7 
 2480  9 
 2481  11 
 2482  8 
 2483  2 
 2484  9 
 2485  7 
 2486  9 
 2487  8 
 2488  5 
 2489  9 
 2490  7 
 2491  5 
 2492  7 
 2493  11 
 2494  8 
 2495  7 
 2496  9 
 2497  5 
 2498  5 
 2499  8 
 2500  9 
 2501  12 
 2502  8 
 2503  6 
 2504  7 
 2505  4 
 2506  11 
 2507  11 
 2508  7 
 2509  3 
 2510  7 
 2511  6 
 2512  7 
 2513  10 
 2514  4 
 2515  11 
 2516  9 
 2517  11 
 2518  7 
 2519  7 
 2520  8 
 2521  8 
 2522  6 
 2523  5 
 2524  3 
 2525  5 
 2526  2 
 2527  7 
 2528  10 
 2529  7 
 2530  12 
 2531  8 
 2532  4 
 2533  9 
 2534  9 
 2535  10 
 2536  10 
 2537  11 
 2538  12 
 2539  3 
 2540  11 
 2541  3 
 2542  9 
 2543  4 
 2544  15 
 2545  5 
 2546  12 
 2547  13 
 2548  7 
 2549  8 
 2550  6 
 2551  2 
 2552  7 
 2553  7 
 2554  3 
 2555  5 
 2556  6 
 2557  6 
 2558  6 
 2559  7 
 2560  9 
 2561  3 
 2562  8 
 2563  13 
 2564  10 
 2565  10 
 2566  8 
 2567  10 
 2568  8 
 2569  6 
 2570  5 
 2571  10 
 2572  8 
 2573  5 
 2574  12 
 2575  8 
 2576  8 
 2577  9 
 2578  7 
 2579  3 
 2580  14 
 2581  11 
 2582  4 
 2583  4 
 2584  3 
 2585  11 
 2586  7 
 2587  2 
 2588  10 
 2589  6 
 2590  11 
 2591  5 
 2592  6 
 2593  3 
 2594  6 
 2595  4 
 2596  15 
 2597  8 
 2598  7 
 2599  8 
 2600  10 
 2601  7 
 2602  7 
 2603  6 
 2604  7 
 2605  8 
 2606  10 
 2607  7 
 2608  9 
 2609  8 
 2610  10 
 2611  2 
 2612  7 
 2613  7 
 2614  7 
 2615  4 
 2616  6 
 2617  7 
 2618  6 
 2619  5 
 2620  4 
 2621  7 
 2622  3 
 2623  10 
 2624  8 
 2625  5 
 2626  5 
 2627  8 
 2628  8 
 2629  6 
 2630  5 
 2631  8 
 2632  4 
 2633  6 
 2634  12 
 2635  6 
 2636  2 
 2637  10 
 2638  7 
 2639  7 
 2640  3 
 2641  7 
 2642  9 
 2643  4 
 2644  3 
 2645  6 
 2646  6 
 2647  8 
 2648  6 
 2649  9 
 2650  7 
 2651  9 
 2652  11 
 2653  10 
 2654  5 
 2655  5 
 2656  5 
 2657  8 
 2658  10 
 2659  12 
 2660  10 
 2661  8 
 2662  6 
 2663  6 
 2664  9 
 2665  9 
 2666  7 
 2667  9 
 2668  10 
 2669  2 
 2670  4 
 2671  11 
 2672  6 
 2673  4 
 2674  8 
 2675  8 
 2676  7 
 2677  12 
 2678  11 
 2679  9 
 2680  5 
 2681  4 
 2682  13 
 2683  10 
 2684  11 
 2685  7 
 2686  11 
 2687  8 
 2688  2 
 2689  10 
 2690  6 
 2691  13 
 2692  6 
 2693  10 
 2694  8 
 2695  4 
 2696  6 
 2697  8 
 2698  9 
 2699  11 
 2700  1 
 2701  7 
 2702  11 
 2703  5 
 2704  10 
 2705  5 
 2706  12 
 2707  4 
 2708  10 
 2709  4 
 2710  5 
 2711  7 
 2712  11 
 2713  6 
 2714  9 
 2715  6 
 2716  9 
 2717  3 
 2718  5 
 2719  6 
 2720  5 
 2721  6 
 2722  12 
 2723  9 
 2724  8 
 2725  7 
 2726  9 
 2727  8 
 2728  5 
 2729  7 
 2730  7 
 2731  4 
 2732  5 
 2733  5 
 2734  7 
 2735  13 
 2736  9 
 2737  7 
 2738  10 
 2739  10 
 2740  10 
 2741  10 
 2742  8 
 2743  10 
 2744  8 
 2745  10 
 2746  14 
 2747  7 
 2748  7 
 2749  11 
 2750  10 
 2751  11 
 2752  10 
 2753  9 
 2754  5 
 2755  3 
 2756  7 
 2757  7 
 2758  6 
 2759  14 
 2760  10 
 2761  7 
 2762  7 
 2763  8 
 2764  5 
 2765  7 
 2766  9 
 2767  5 
 2768  7 
 2769  5 
 2770  8 
 2771  7 
 2772  7 
 2773  8 
 2774  6 
 2775  12 
 2776  7 
 2777  8 
 2778  16 
 2779  6 
 2780  9 
 2781  5 
 2782  8 
 2783  5 
 2784  14 
 2785  12 
 2786  8 
 2787  8 
 2788  7 
 2789  10 
 2790  7 
 2791  10 
 2792  6 
 2793  8 
 2794  6 
 2795  3 
 2796  11 
 2797  9 
 2798  2 
 2799  9 
 2800  6 
 2801  9 
 2802  9 
 2803  6 
 2804  2 
 2805  8 
 2806  8 
 2807  7 
 2808  8 
 2809  5 
 2810  6 
 2811  6 
 2812  8 
 2813  9 
 2814  8 
 2815  8 
 2816  4 
 2817  10 
 2818  8 
 2819  7 
 2820  4 
 2821  15 
 2822  8 
 2823  9 
 2824  4 
 2825  3 
 2826  11 
 2827  9 
 2828  5 
 2829  12 
 2830  7 
 2831  8 
 2832  10 
 2833  11 
 2834  6 
 2835  11 
 2836  8 
 2837  10 
 2838  3 
 2839  13 
 2840  13 
 2841  9 
 2842  13 
 2843  5 
 2844  7 
 2845  9 
 2846  6 
 2847  3 
 2848  8 
 2849  8 
 2850  13 
 2851  5 
 2852  7 
 2853  11 
 2854  9 
 2855  5 
 2856  13 
 2857  4 
 2858  14 
 2859  7 
 2860  6 
 2861  8 
 2862  6 
 2863  10 
 2864  13 
 2865  9 
 2866  9 
 2867  12 
 2868  7 
 2869  9 
 2870  13 
 2871  9 
 2872  15 
 2873  11 
 2874  7 
 2875  7 
 2876  9 
 2877  9 
 2878  11 
 2879  7 
 2880  6 
 2881  10 
 2882  6 
 2883  6 
 2884  10 
 2885  8 
 2886  7 
 2887  13 
 2888  10 
 2889  9 
 2890  9 
 2891  13 
 2892  12 
 2893  9 
 2894  9 
 2895  13 
 2896  6 
 2897  8 
 2898  7 
 2899  5 
 2900  9 
 2901  11 
 2902  6 
 2903  11 
 2904  9 
 2905  9 
 2906  4 
 2907  5 
 2908  12 
 2909  8 
 2910  3 
 2911  7 
 2912  9 
 2913  9 
 2914  9 
 2915  11 
 2916  5 
 2917  8 
 2918  11 
 2919  10 
 2920  6 
 2921  6 
 2922  10 
 2923  8 
 2924  6 
 2925  17 
 2926  6 
 2927  5 
 2928  7 
 2929  7 
 2930  14 
 2931  9 
 2932  5 
 2933  8 
 2934  12 
 2935  7 
 2936  7 
 2937  10 
 2938  12 
 2939  9 
 2940  7 
 2941  4 
 2942  5 
 2943  8 
 2944  9 
 2945  16 
 2946  9 
 2947  8 
 2948  10 
 2949  5 
 2950  9 
 2951  8 
 2952  11 
 2953  11 
 2954  7 
 2955  9 
 2956  10 
 2957  6 
 2958  5 
 2959  8 
 2960  6 
 2961  13 
 2962  9 
 2963  8 
 2964  3 
 2965  5 
 2966  5 
 2967  7 
 2968  7 
 2969  11 
 2970  8 
 2971  12 
 2972  7 
 2973  10 
 2974  1 
 2975  8 
 2976  12 
 2977  8 
 2978  4 
 2979  2 
 2980  6 
 2981  9 
 2982  8 
 2983  10 
 2984  11 
 2985  8 
 2986  5 
 2987  6 
 2988  3 
 2989  14 
 2990  8 
 2991  7 
 2992  8 
 2993  7 
 2994  12 
 2995  8 
 2996  14 
 2997  9 
 2998  11 
 2999  3 
 3000  5 
 3001  9 
 3002  4 
 3003  6 
 3004  3 
 3005  8 
 3006  8 
 3007  9 
 3008  11 
 3009  6 
 3010  11 
 3011  13 
 3012  7 
 3013  7 
 3014  15 
 3015  11 
 3016  8 
 3017  5 
 3018  10 
 3019  7 
 3020  8 
 3021  8 
 3022  11 
 3023  10 
 3024  11 
 3025  8 
 3026  6 
 3027  4 
 3028  12 
 3029  14 
 3030  11 
 3031  12 
 3032  12 
 3033  4 
 3034  7 
 3035  10 
 3036  5 
 3037  9 
 3038  11 
 3039  11 
 3040  7 
 3041  14 
 3042  12 
 3043  15 
 3044  4 
 3045  10 
 3046  13 
 3047  11 
 3048  4 
 3049  12 
 3050  5 
 3051  11 
 3052  11 
 3053  8 
 3054  13 
 3055  15 
 3056  8 
 3057  12 
 3058  10 
 3059  10 
 3060  9 
 3061  14 
 3062  10 
 3063  11 
 3064  12 
 3065  14 
 3066  13 
 3067  12 
 3068  9 
 3069  12 
 3070  9 
 3071  11 
 3072  15 
 3073  8 
 3074  5 
 3075  9 
 3076  10 
 3077  9 
 3078  10 
 3079  11 
 3080  9 
 3081  9 
 3082  11 
 3083  15 
 3084  12 
 3085  8 
 3086  15 
 3087  11 
 3088  7 
 3089  15 
 3090  12 
 3091  12 
 3092  11 
 3093  12 
 3094  8 
 3095  9 
 3096  8 
 3097  5 
 3098  15 
 3099  13 
 3100  20 
 3101  17 
 3102  5 
 3103  14 
 3104  10 
 3105  10 
 3106  11 
 3107  12 
 3108  8 
 3109  9 
 3110  12 
 3111  13 
 3112  9 
 3113  11 
 3114  8 
 3115  14 
 3116  12 
 3117  24 
 3118  9 
 3119  13 
 3120  8 
 3121  10 
 3122  13 
 3123  10 
 3124  13 
 3125  8 
 3126  10 
 3127  12 
 3128  15 
 3129  14 
 3130  7 
 3131  10 
 3132  13 
 3133  11 
 3134  25 
 3135  19 
 3136  18 
 3137  20 
 3138  14 
 3139  11 
 3140  15 
 3141  10 
 3142  11 
 3143  17 
 3144  11 
 3145  12 
 3146  8 
 3147  13 
 3148  15 
 3149  13 
 3150  15 
 3151  15 
 3152  16 
 3153  14 
 3154  20 
 3155  14 
 3156  15 
 3157  19 
 3158  15 
 3159  14 
 3160  26 
 3161  19 
 3162  10 
 3163  17 
 3164  14 
 3165  26 
 3166  25 
 3167  18 
 3168  20 
 3169  19 
 3170  24 
 3171  29 
 3172  28 
 3173  34 
 3174  33 
 3175  25 
 3176  31 
 3177  45 
 3178  32 
 3179  37 
 3180  44 
 3181  48 
 3182  52 
 3183  49 
 3184  47 
 3185  44 
 3186  45 
 3187  62 
 3188  61 
 3189  65 
 3190  51 
 3191  43 
 3192  53 
 3193  58 
 3194  51 
 3195  62 
 3196  77 
 3197  64 
 3198  52 
 3199  52 
 3200  57 
 3201  57 
 3202  52 
 3203  45 
 3204  39 
 3205  37 
 3206  56 
 3207  46 
 3208  46 
 3209  40 
 3210  46 
 3211  31 
 3212  36 
 3213  30 
 3214  40 
 3215  29 
 3216  24 
 3217  30 
 3218  28 
 3219  28 
 3220  22 
 3221  23 
 3222  16 
 3223  24 
 3224  16 
 3225  15 
 3226  17 
 3227  11 
 3228  8 
 3229  16 
 3230  18 
 3231  15 
 3232  21 
 3233  17 
 3234  12 
 3235  12 
 3236  9 
 3237  18 
 3238  11 
 3239  7 
 3240  21 
 3241  22 
 3242  13 
 3243  11 
 3244  19 
 3245  12 
 3246  8 
 3247  16 
 3248  11 
 3249  15 
 3250  14 
 3251  10 
 3252  7 
 3253  15 
 3254  12 
 3255  19 
 3256  13 
 3257  9 
 3258  8 
 3259  11 
 3260  14 
 3261  16 
 3262  12 
 3263  13 
 3264  17 
 3265  24 
 3266  9 
 3267  8 
 3268  12 
 3269  12 
 3270  17 
 3271  13 
 3272  9 
 3273  12 
 3274  14 
 3275  22 
 3276  21 
 3277  27 
 3278  12 
 3279  12 
 3280  13 
 3281  15 
 3282  10 
 3283  13 
 3284  15 
 3285  22 
 3286  7 
 3287  20 
 3288  17 
 3289  16 
 3290  14 
 3291  10 
 3292  21 
 3293  16 
 3294  8 
 3295  16 
 3296  23 
 3297  6 
 3298  17 
 3299  18 
 3300  14 
 3301  12 
 3302  18 
 3303  10 
 3304  17 
 3305  18 
 3306  16 
 3307  29 
 3308  18 
 3309  27 
 3310  31 
 3311  22 
 3312  28 
 3313  18 
 3314  25 
 3315  32 
 3316  29 
 3317  22 
 3318  27 
 3319  30 
 3320  37 
 3321  33 
 3322  36 
 3323  36 
 3324  42 
 3325  44 
 3326  60 
 3327  45 
 3328  32 
 3329  54 
 3330  30 
 3331  42 
 3332  49 
 3333  43 
 3334  42 
 3335  34 
 3336  43 
 3337  54 
 3338  38 
 3339  41 
 3340  39 
 3341  40 
 3342  36 
 3343  36 
 3344  28 
 3345  28 
 3346  36 
 3347  31 
 3348  32 
 3349  22 
 3350  26 
 3351  24 
 3352  30 
 3353  17 
 3354  23 
 3355  21 
 3356  19 
 3357  19 
 3358  15 
 3359  18 
 3360  11 
 3361  17 
 3362  17 
 3363  15 
 3364  14 
 3365  8 
 3366  23 
 3367  11 
 3368  17 
 3369  12 
 3370  14 
 3371  12 
 3372  14 
 3373  19 
 3374  18 
 3375  18 
 3376  20 
 3377  10 
 3378  11 
 3379  13 
 3380  23 
 3381  14 
 3382  10 
 3383  16 
 3384  16 
 3385  21 
 3386  25 
 3387  20 
 3388  14 
 3389  11 
 3390  19 
 3391  16 
 3392  14 
 3393  21 
 3394  17 
 3395  10 
 3396  19 
 3397  11 
 3398  16 
 3399  21 
 3400  18 
 3401  20 
 3402  16 
 3403  17 
 3404  13 
 3405  18 
 3406  13 
 3407  10 
 3408  24 
 3409  15 
 3410  11 
 3411  15 
 3412  18 
 3413  22 
 3414  23 
 3415  14 
 3416  11 
 3417  22 
 3418  22 
 3419  17 
 3420  12 
 3421  19 
 3422  24 
 3423  17 
 3424  16 
 3425  12 
 3426  18 
 3427  19 
 3428  16 
 3429  15 
 3430  8 
 3431  16 
 3432  19 
 3433  15 
 3434  17 
 3435  21 
 3436  15 
 3437  18 
 3438  20 
 3439  16 
 3440  17 
 3441  22 
 3442  14 
 3443  18 
 3444  17 
 3445  16 
 3446  9 
 3447  20 
 3448  21 
 3449  19 
 3450  24 
 3451  22 
 3452  26 
 3453  8 
 3454  13 
 3455  20 
 3456  26 
 3457  20 
 3458  23 
 3459  19 
 3460  16 
 3461  20 
 3462  21 
 3463  21 
 3464  23 
 3465  22 
 3466  29 
 3467  19 
 3468  20 
 3469  21 
 3470  15 
 3471  22 
 3472  27 
 3473  17 
 3474  17 
 3475  23 
 3476  21 
 3477  22 
 3478  24 
 3479  23 
 3480  26 
 3481  23 
 3482  27 
 3483  20 
 3484  24 
 3485  21 
 3486  24 
 3487  29 
 3488  27 
 3489  18 
 3490  25 
 3491  25 
 3492  22 
 3493  22 
 3494  22 
 3495  27 
 3496  28 
 3497  25 
 3498  22 
 3499  23 
 3500  22 
 3501  22 
 3502  27 
 3503  12 
 3504  22 
 3505  25 
 3506  28 
 3507  19 
 3508  25 
 3509  31 
 3510  26 
 3511  34 
 3512  26 
 3513  31 
 3514  38 
 3515  35 
 3516  24 
 3517  30 
 3518  28 
 3519  20 
 3520  27 
 3521  23 
 3522  35 
 3523  36 
 3524  30 
 3525  33 
 3526  24 
 3527  30 
 3528  45 
 3529  30 
 3530  41 
 3531  24 
 3532  27 
 3533  37 
 3534  37 
 3535  35 
 3536  45 
 3537  32 
 3538  30 
 3539  27 
 3540  39 
 3541  42 
 3542  32 
 3543  27 
 3544  32 
 3545  31 
 3546  33 
 3547  34 
 3548  37 
 3549  38 
 3550  36 
 3551  33 
 3552  34 
 3553  40 
 3554  36 
 3555  44 
 3556  36 
 3557  41 
 3558  34 
 3559  29 
 3560  34 
 3561  42 
 3562  29 
 3563  29 
 3564  39 
 3565  32 
 3566  30 
 3567  23 
 3568  41 
 3569  49 
 3570  24 
 3571  37 
 3572  29 
 3573  34 
 3574  40 
 3575  35 
 3576  39 
 3577  27 
 3578  36 
 3579  33 
 3580  31 
 3581  29 
 3582  31 
 3583  27 
 3584  45 
 3585  34 
 3586  43 
 3587  33 
 3588  33 
 3589  32 
 3590  39 
 3591  39 
 3592  41 
 3593  47 
 3594  35 
 3595  34 
 3596  47 
 3597  35 
 3598  42 
 3599  41 
 3600  26 
 3601  31 
 3602  27 
 3603  38 
 3604  26 
 3605  29 
 3606  36 
 3607  34 
 3608  38 
 3609  40 
 3610  28 
 3611  28 
 3612  33 
 3613  34 
 3614  31 
 3615  39 
 3616  43 
 3617  33 
 3618  36 
 3619  35 
 3620  37 
 3621  38 
 3622  33 
 3623  23 
 3624  35 
 3625  35 
 3626  33 
 3627  46 
 3628  37 
 3629  44 
 3630  38 
 3631  35 
 3632  41 
 3633  39 
 3634  53 
 3635  41 
 3636  43 
 3637  51 
 3638  55 
 3639  47 
 3640  45 
 3641  43 
 3642  46 
 3643  57 
 3644  45 
 3645  62 
 3646  56 
 3647  61 
 3648  49 
 3649  41 
 3650  67 
 3651  63 
 3652  67 
 3653  52 
 3654  67 
 3655  75 
 3656  67 
 3657  91 
 3658  81 
 3659  98 
 3660  94 
 3661  102 
 3662  116 
 3663  129 
 3664  136 
 3665  150 
 3666  164 
 3667  176 
 3668  201 
 3669  252 
 3670  267 
 3671  314 
 3672  332 
 3673  382 
 3674  470 
 3675  522 
 3676  588 
 3677  721 
 3678  770 
 3679  892 
 3680  982 
 3681  1160 
 3682  1387 
 3683  1500 
 3684  1806 
 3685  1976 
 3686  2140 
 3687  2422 
 3688  2885 
 3689  3002 
 3690  3345 
 3691  3692 
 3692  4029 
 3693  4525 
 3694  4856 
 3695  5255 
 3696  5617 
 3697  5939 
 3698  6370 
 3699  6637 
 3700  7017 
 3701  7302 
 3702  7499 
 3703  7715 
 3704  7880 
 3705  8276 
 3706  8391 
 3707  8278 
 3708  8292 
 3709  8403 
 3710  8310 
 3711  8182 
 3712  7889 
 3713  7947 
 3714  7392 
 3715  7504 
 3716  6961 
 3717  6749 
 3718  6238 
 3719  5976 
 3720  5602 
 3721  5299 
 3722  4628 
 3723  4524 
 3724  4087 
 3725  3770 
 3726  3340 
 3727  2979 
 3728  2620 
 3729  2324 
 3730  2075 
 3731  1850 
 3732  1521 
 3733  1313 
 3734  1127 
 3735  978 
 3736  805 
 3737  708 
 3738  631 
 3739  531 
 3740  415 
 3741  329 
 3742  254 
 3743  228 
 3744  153 
 3745  166 
 3746  140 
 3747  100 
 3748  87 
 3749  73 
 3750  59 
 3751  61 
 3752  52 
 3753  32 
 3754  47 
 3755  25 
 3756  34 
 3757  26 
 3758  27 
 3759  27 
 3760  17 
 3761  19 
 3762  13 
 3763  20 
 3764  15 
 3765  7 
 3766  17 
 3767  10 
 3768  12 
 3769  8 
 3770  6 
 3771  8 
 3772  1 
 3773  7 
 3774  7 
 3775  6 
 3776  9 
 3777  4 
 3778  6 
 3779  5 
 3780  7 
 3781  4 
 3782  8 
 3783  5 
 3784  6 
 3785  1 
 3786  4 
 3787  3 
 3788  3 
 3789  9 
 3790  4 
 3791  4 
 3792  6 
 3793  6 
 3794  2 
 3795  4 
 3796  5 
 3797  4 
 3798  3 
 3799  4 
 3800  4 
 3801  3 
 3802  6 
 3803  1 
 3804  4 
 3805  6 
 3806  4 
 3807  5 
 3808  2 
 3809  9 
 3810  3 
 3811  5 
 3812  6 
 3813  3 
 3814  3 
 3815  4 
 3816  5 
 3817  0 
 3818  2 
 3819  2 
 3820  4 
 3821  4 
 3822  3 
 3823  5 
 3824  6 
 3825  3 
 3826  2 
 3827  4 
 3828  1 
 3829  3 
 3830  4 
 3831  4 
 3832  4 
 3833  2 
 3834  1 
 3835  1 
 3836  2 
 3837  0 
 3838  4 
 3839  4 
 3840  1 
 3841  0 
 3842  5 
 3843  2 
 3844  2 
 3845  3 
 3846  4 
 3847  4 
 3848  2 
 3849  2 
 3850  0 
 3851  2 
 3852  1 
 3853  0 
 3854  0 
 3855  2 
 3856  4 
 3857  2 
 3858  2 
 3859  1 
 3860  0 
 3861  3 
 3862  2 
 3863  2 
 3864  1 
 3865  1 
 3866  1 
 3867  0 
 3868  3 
 3869  7 
 3870  1 
 3871  2 
 3872  1 
 3873  0 
 3874  2 
 3875  1 
 3876  0 
 3877  3 
 3878  4 
 3879  1 
 3880  2 
 3881  2 
 3882  1 
 3883  3 
 3884  2 
 3885  2 
 3886  2 
 3887  5 
 3888  1 
 3889  0 
 3890  1 
 3891  3 
 3892  2 
 3893  0 
 3894  1 
 3895  2 
 3896  2 
 3897  2 
 3898  2 
 3899  1 
 3900  2 
 3901  1 
 3902  0 
 3903  3 
 3904  2 
 3905  0 
 3906  0 
 3907  4 
 3908  1 
 3909  0 
 3910  1 
 3911  0 
 3912  2 
 3913  0 
 3914  0 
 3915  1 
 3916  0 
 3917  2 
 3918  1 
 3919  0 
 3920  0 
 3921  0 
 3922  0 
 3923  2 
 3924  1 
 3925  1 
 3926  0 
 3927  0 
 3928  1 
 3929  0 
 3930  0 
 3931  1 
 3932  0 
 3933  0 
 3934  1 
 3935  1 
 3936  1 
 3937  1 
 3938  0 
 3939  0 
 3940  0 
 3941  0 
 3942  0 
 3943  0 
 3944  0 
 3945  0 
 3946  0 
 3947  1 
 3948  0 
 3949  1 
 3950  1 
 3951  1 
 3952  0 
 3953  0 
 3954  1 
 3955  0 
 3956  0 
 3957  1 
 3958  1 
 3959  0 
 3960  0 
 3961  0 
 3962  1 
 3963  0 
 3964  1 
 3965  1 
 3966  0 
 3967  2 
 3968  0 
 3969  1 
 3970  1 
 3971  0 
 3972  2 
 3973  0 
 3974  1 
 3975  0 
 3976  0 
 3977  0 
 3978  0 
 3979  0 
 3980  0 
 3981  0 
 3982  0 
 3983  0 
 3984  1 
 3985  0 
 3986  0 
 3987  0 
 3988  0 
 3989  1 
 3990  0 
 3991  0 
 3992  0 
 3993  0 
 3994  0 
 3995  0 
 3996  0 
 3997  0 
 3998  0 
 3999  0 
 4000  0 
 4001  0 
 4002  0 
 4003  0 
 4004  0 
 4005  0 
 4006  1 
 4007  0 
 4008  0 
 4009  0 
 4010  0 
 4011  0 
 4012  0 
 4013  0 
 4014  0 
 4015  0 
 4016  0 
 4017  0 
 4018  0 
 4019  0 
 4020  0 
 4021  0 
 4022  0 
 4023  0 
 4024  0 
 4025  0 
 4026  0 
 4027  0 
 4028  0 
 4029  0 
 4030  0 
 4031  0 
 4032  0 
 4033  0 
 4034  0 
 4035  0 
 4036  0 
 4037  0 
 4038  0 
 4039  0 
 4040  0 
 4041  0 
 4042  0 
 4043  0 
 4044  0 
 4045  0 
 4046  0 
 4047  0 
 4048  0 
 4049  0 
 4050  0 
 4051  0 
 4052  0 
 4053  0 
 4054  0 
 4055  0 
 4056  0 
 4057  0 
 4058  0 
 4059  0 
 4060  0 
 4061  1 
 4062  0 
 4063  0 
 4064  0 
 4065  0 
 4066  0 
 4067  0 
 4068  0 
 4069  0 
 4070  0 
 4071  0 
 4072  0 
 4073  0 
 4074  0 
 4075  1 
 4076  0 
 4077  0 
 4078  0 
 4079  0 
 4080  0 
 4081  0 
 4082  0 
 4083  0 
 4084  1 
 4085  0 
 4086  0 
 4087  0 
 4088  0 
 4089  0 
 4090  0 
 4091  0 
 4092  0 
 4093  0 
 4094  0 
 4095  0 
 4096  0 
 4097  0 
 4098  0 
 4099  0 
 4100  0 
 4101  0 
 4102  0 
 4103  0 
 4104  0 
 4105  0 
 4106  0 
 4107  0 
 4108  0 
 4109  0 
 4110  0 
 4111  0 
 4112  0 
 4113  0 
 4114  0 
 4115  0 
 4116  0 
 4117  0 
 4118  0 
 4119  0 
 4120  0 
 4121  0 
 4122  0 
 4123  0 
 4124  0 
 4125  0 
 4126  0 
 4127  0 
 4128  0 
 4129  0 
 4130  0 
 4131  0 
 4132  0 
 4133  1 
 4134  0 
 4135  0 
 4136  0 
 4137  0 
 4138  0 
 4139  0 
 4140  0 
 4141  0 
 4142  0 
 4143  0 
 4144  0 
 4145  0 
 4146  1 
 4147  0 
 4148  0 
 4149  0 
 4150  0 
 4151  0 
 4152  0 
 4153  0 
 4154  0 
 4155  0 
 4156  0 
 4157  0 
 4158  0 
 4159  0 
 4160  0 
 4161  0 
 4162  0 
 4163  0 
 4164  0 
 4165  0 
 4166  0 
 4167  0 
 4168  0 
 4169  0 
 4170  0 
 4171  0 
 4172  0 
 4173  0 
 4174  0 
 4175  0 
 4176  0 
 4177  1 
 4178  0 
 4179  0 
 4180  0 
 4181  1 
 4182  0 
 4183  0 
 4184  0 
 4185  0 
 4186  0 
 4187  0 
 4188  0 
 4189  0 
 4190  0 
 4191  0 
 4192  0 
 4193  0 
 4194  0 
 4195  0 
 4196  0 
 4197  0 
 4198  0 
 4199  0 
 4200  0 
 4201  0 
 4202  1 
 4203  0 
 4204  0 
 4205  0 
 4206  0 
 4207  0 
 4208  1 
 4209  0 
 4210  1 
 4211  0 
 4212  0 
 4213  0 
 4214  0 
 4215  0 
 4216  0 
 4217  0 
 4218  0 
 4219  0 
 4220  0 
 4221  0 
 4222  0 
 4223  0 
 4224  0 
 4225  0 
 4226  0 
 4227  0 
 4228  0 
 4229  0 
 4230  0 
 4231  0 
 4232  0 
 4233  0 
 4234  0 
 4235  0 
 4236  0 
 4237  0 
 4238  0 
 4239  0 
 4240  0 
 4241  0 
 4242  0 
 4243  0 
 4244  0 
 4245  0 
 4246  0 
 4247  0 
 4248  0 
 4249  0 
 4250  0 
 4251  0 
 4252  0 
 4253  0 
 4254  0 
 4255  0 
 4256  0 
 4257  0 
 4258  0 
 4259  0 
 4260  0 
 4261  0 
 4262  0 
 4263  0 
 4264  0 
 4265  0 
 4266  0 
 4267  0 
 4268  0 
 4269  0 
 4270  0 
 4271  0 
 4272  0 
 4273  0 
 4274  0 
 4275  0 
 4276  0 
 4277  0 
 4278  0 
 4279  0 
 4280  0 
 4281  0 
 4282  0 
 4283  0 
 4284  0 
 4285  0 
 4286  0 
 4287  0 
 4288  0 
 4289  0 
 4290  0 
 4291  0 
 4292  0 
 4293  0 
 4294  0 
 4295  0 
 4296  0 
 4297  1 
 4298  0 
 4299  0 
 4300  0 
 4301  0 
 4302  0 
 4303  1 
 4304  0 
 4305  0 
 4306  1 
 4307  0 
 4308  0 
 4309  0 
 4310  0 
 4311  0 
 4312  0 
 4313  0 
 4314  0 
 4315  0 
 4316  0 
 4317  0 
 4318  0 
 4319  0 
 4320  0 
 4321  0 
 4322  0 
 4323  0 
 4324  1 
 4325  0 
 4326  0 
 4327  0 
 4328  0 
 4329  0 
 4330  0 
 4331  0 
 4332  1 
 4333  0 
 4334  0 
 4335  0 
 4336  0 
 4337  0 
 4338  0 
 4339  0 
 4340  0 
 4341  0 
 4342  0 
 4343  0 
 4344  0 
 4345  0 
 4346  0 
 4347  0 
 4348  0 
 4349  0 
 4350  0 
 4351  0 
 4352  0 
 4353  0 
 4354  0 
 4355  0 
 4356  0 
 4357  0 
 4358  0 
 4359  1 
 4360  0 
 4361  0 
 4362  0 
 4363  0 
 4364  0 
 4365  0 
 4366  1 
 4367  0 
 4368  0 
 4369  0 
 4370  0 
 4371  1 
 4372  1 
 4373  0 
 4374  0 
 4375  0 
 4376  0 
 4377  0 
 4378  0 
 4379  0 
 4380  0 
 4381  0 
 4382  0 
 4383  1 
 4384  0 
 4385  0 
 4386  0 
 4387  0 
 4388  0 
 4389  0 
 4390  0 
 4391  0 
 4392  0 
 4393  1 
 4394  0 
 4395  0 
 4396  0 
 4397  0 
 4398  0 
 4399  1 
 4400  0 
 4401  1 
 4402  0 
 4403  0 
 4404  0 
 4405  0 
 4406  0 
 4407  0 
 4408  0 
 4409  0 
 4410  1 
 4411  1 
 4412  2 
 4413  0 
 4414  1 
 4415  0 
 4416  0 
 4417  0 
 4418  0 
 4419  0 
 4420  0 
 4421  0 
 4422  1 
 4423  0 
 4424  0 
 4425  0 
 4426  0 
 4427  0 
 4428  0 
 4429  0 
 4430  3 
 4431  0 
 4432  0 
 4433  1 
 4434  0 
 4435  0 
 4436  0 
 4437  0 
 4438  0 
 4439  0 
 4440  0 
 4441  0 
 4442  0 
 4443  0 
 4444  0 
 4445  0 
 4446  0 
 4447  0 
 4448  0 
 4449  0 
 4450  0 
 4451  0 
 4452  0 
 4453  0 
 4454  0 
 4455  0 
 4456  1 
 4457  0 
 4458  2 
 4459  2 
 4460  1 
 4461  0 
 4462  0 
 4463  0 
 4464  0 
 4465  0 
 4466  1 
 4467  2 
 4468  0 
 4469  0 
 4470  1 
 4471  1 
 4472  0 
 4473  0 
 4474  0 
 4475  0 
 4476  0 
 4477  0 
 4478  0 
 4479  1 
 4480  0 
 4481  0 
 4482  1 
 4483  0 
 4484  1 
 4485  0 
 4486  1 
 4487  0 
 4488  1 
 4489  0 
 4490  0 
 4491  0 
 4492  0 
 4493  1 
 4494  0 
 4495  0 
 4496  1 
 4497  0 
 4498  2 
 4499  0 
 4500  0 
 4501  0 
 4502  0 
 4503  0 
 4504  0 
 4505  0 
 4506  0 
 4507  0 
 4508  1 
 4509  0 
 4510  0 
 4511  0 
 4512  0 
 4513  0 
 4514  0 
 4515  0 
 4516  0 
 4517  1 
 4518  0 
 4519  0 
 4520  1 
 4521  0 
 4522  0 
 4523  0 
 4524  0 
 4525  1 
 4526  1 
 4527  0 
 4528  0 
 4529  0 
 4530  0 
 4531  0 
 4532  0 
 4533  0 
 4534  0 
 4535  0 
 4536  1 
 4537  0 
 4538  1 
 4539  0 
 4540  0 
 4541  0 
 4542  0 
 4543  1 
 4544  0 
 4545  0 
 4546  0 
 4547  0 
 4548  0 
 4549  1 
 4550  0 
 4551  1 
 4552  0 
 4553  0 
 4554  0 
 4555  0 
 4556  0 
 4557  0 
 4558  0 
 4559  2 
 4560  1 
 4561  1 
 4562  0 
 4563  0 
 4564  0 
 4565  0 
 4566  0 
 4567  0 
 4568  0 
 4569  0 
 4570  0 
 4571  0 
 4572  0 
 4573  0 
 4574  0 
 4575  0 
 4576  0 
 4577  0 
 4578  0 
 4579  0 
 4580  1 
 4581  0 
 4582  0 
 4583  0 
 4584  0 
 4585  0 
 4586  0 
 4587  0 
 4588  0 
 4589  0 
 4590  0 
 4591  0 
 4592  0 
 4593  1 
 4594  0 
 4595  1 
 4596  0 
 4597  0 
 4598  0 
 4599  1 
 4600  0 
 4601  1 
 4602  0 
 4603  1 
 4604  0 
 4605  0 
 4606  1 
 4607  0 
 4608  0 
 4609  0 
 4610  0 
 4611  0 
 4612  2 
 4613  0 
 4614  0 
 4615  1 
 4616  0 
 4617  0 
 4618  0 
 4619  0 
 4620  0 
 4621  0 
 4622  1 
 4623  1 
 4624  0 
 4625  0 
 4626  0 
 4627  0 
 4628  1 
 4629  0 
 4630  0 
 4631  0 
 4632  0 
 4633  0 
 4634  0 
 4635  1 
 4636  1 
 4637  0 
 4638  1 
 4639  1 
 4640  0 
 4641  1 
 4642  0 
 4643  0 
 4644  1 
 4645  0 
 4646  0 
 4647  0 
 4648  0 
 4649  0 
 4650  0 
 4651  0 
 4652  1 
 4653  1 
 4654  1 
 4655  1 
 4656  0 
 4657  0 
 4658  0 
 4659  0 
 4660  0 
 4661  0 
 4662  0 
 4663  0 
 4664  0 
 4665  0 
 4666  0 
 4667  0 
 4668  0 
 4669  0 
 4670  0 
 4671  0 
 4672  1 
 4673  0 
 4674  0 
 4675  0 
 4676  0 
 4677  0 
 4678  0 
 4679  0 
 4680  0 
 4681  0 
 4682  1 
 4683  0 
 4684  0 
 4685  0 
 4686  0 
 4687  0 
 4688  0 
 4689  0 
 4690  0 
 4691  0 
 4692  0 
 4693  0 
 4694  0 
 4695  0 
 4696  0 
 4697  0 
 4698  0 
 4699  0 
 4700  0 
 4701  0 
 4702  0 
 4703  1 
 4704  1 
 4705  0 
 4706  0 
 4707  0 
 4708  0 
 4709  0 
 4710  0 
 4711  0 
 4712  0 
 4713  0 
 4714  1 
 4715  0 
 4716  0 
 4717  0 
 4718  0 
 4719  0 
 4720  0 
 4721  1 
 4722  0 
 4723  0 
 4724  0 
 4725  0 
 4726  0 
 4727  0 
 4728  0 
 4729  0 
 4730  0 
 4731  0 
 4732  0 
 4733  0 
 4734  0 
 4735  0 
 4736  1 
 4737  0 
 4738  0 
 4739  0 
 4740  0 
 4741  0 
 4742  0 
 4743  1 
 4744  0 
 4745  0 
 4746  0 
 4747  0 
 4748  0 
 4749  1 
 4750  0 
 4751  0 
 4752  0 
 4753  1 
 4754  0 
 4755  1 
 4756  0 
 4757  0 
 4758  0 
 4759  0 
 4760  0 
 4761  1 
 4762  0 
 4763  0 
 4764  1 
 4765  0 
 4766  0 
 4767  1 
 4768  0 
 4769  0 
 4770  0 
 4771  0 
 4772  0 
 4773  0 
 4774  0 
 4775  0 
 4776  0 
 4777  0 
 4778  0 
 4779  0 
 4780  0 
 4781  0 
 4782  0 
 4783  0 
 4784  0 
 4785  0 
 4786  0 
 4787  0 
 4788  0 
 4789  0 
 4790  0 
 4791  0 
 4792  0 
 4793  0 
 4794  1 
 4795  0 
 4796  0 
 4797  0 
 4798  0 
 4799  0 
 4800  0 
 4801  0 
 4802  0 
 4803  1 
 4804  0 
 4805  0 
 4806  2 
 4807  0 
 4808  0 
 4809  0 
 4810  0 
 4811  0 
 4812  0 
 4813  0 
 4814  0 
 4815  0 
 4816  0 
 4817  1 
 4818  0 
 4819  0 
 4820  0 
 4821  1 
 4822  1 
 4823  0 
 4824  0 
 4825  0 
 4826  0 
 4827  0 
 4828  0 
 4829  0 
 4830  0 
 4831  0 
 4832  0 
 4833  0 
 4834  1 
 4835  0 
 4836  0 
 4837  0 
 4838  0 
 4839  0 
 4840  0 
 4841  0 
 4842  0 
 4843  0 
 4844  0 
 4845  0 
 4846  0 
 4847  0 
 4848  0 
 4849  0 
 4850  0 
 4851  0 
 4852  0 
 4853  0 
 4854  0 
 4855  1 
 4856  0 
 4857  0 
 4858  0 
 4859  0 
 4860  0 
 4861  0 
 4862  0 
 4863  0 
 4864  0 
 4865  0 
 4866  0 
 4867  0 
 4868  0 
 4869  0 
 4870  0 
 4871  0 
 4872  0 
 4873  2 
 4874  0 
 4875  0 
 4876  0 
 4877  0 
 4878  0 
 4879  0 
 4880  0 
 4881  1 
 4882  1 
 4883  0 
 4884  0 
 4885  0 
 4886  0 
 4887  0 
 4888  1 
 4889  0 
 4890  0 
 4891  0 
 4892  0 
 4893  0 
 4894  0 
 4895  0 
 4896  1 
 4897  0 
 4898  0 
 4899  0 
 4900  0 
 4901  0 
 4902  0 
 4903  0 
 4904  0 
 4905  0 
 4906  0 
 4907  0 
 4908  0 
 4909  0 
 4910  0 
 4911  0 
 4912  0 
 4913  0 
 4914  0 
 4915  0 
 4916  0 
 4917  0 
 4918  0 
 4919  0 
 4920  0 
 4921  0 
 4922  0 
 4923  1 
 4924  0 
 4925  0 
 4926  0 
 4927  1 
 4928  1 
 4929  0 
 4930  0 
 4931  0 
 4932  0 
 4933  0 
 4934  1 
 4935  0 
 4936  1 
 4937  0 
 4938  1 
 4939  1 
 4940  0 
 4941  0 
 4942  1 
 4943  0 
 4944  0 
 4945  0 
 4946  0 
 4947  0 
 4948  0 
 4949  0 
 4950  0 
 4951  0 
 4952  0 
 4953  0 
 4954  0 
 4955  0 
 4956  1 
 4957  1 
 4958  1 
 4959  0 
 4960  1 
 4961  0 
 4962  0 
 4963  0 
 4964  0 
 4965  0 
 4966  0 
 4967  0 
 4968  0 
 4969  0 
 4970  0 
 4971  0 
 4972  0 
 4973  0 
 4974  0 
 4975  0 
 4976  0 
 4977  0 
 4978  0 
 4979  1 
 4980  0 
 4981  0 
 4982  0 
 4983  0 
 4984  1 
 4985  0 
 4986  1 
 4987  0 
 4988  0 
 4989  1 
 4990  0 
 4991  0 
 4992  0 
 4993  0 
 4994  0 
 4995  0 
 4996  0 
 4997  0 
 4998  0 
 4999  1 
 5000  0 
 5001  0 
 5002  0 
 5003  0 
 5004  1 
 5005  0 
 5006  0 
 5007  0 
 5008  0 
 5009  0 
 5010  1 
 5011  0 
 5012  0 
 5013  0 
 5014  0 
 5015  0 
 5016  0 
 5017  0 
 5018  0 
 5019  0 
 5020  0 
 5021  0 
 5022  0 
 5023  0 
 5024  1 
 5025  0 
 5026  0 
 5027  0 
 5028  0 
 5029  0 
 5030  0 
 5031  0 
 5032  1 
 5033  0 
 5034  0 
 5035  1 
 5036  0 
 5037  0 
 5038  0 
 5039  0 
 5040  1 
 5041  0 
 5042  0 
 5043  0 
 5044  0 
 5045  0 
 5046  0 
 5047  1 
 5048  0 
 5049  0 
 5050  0 
 5051  0 
 5052  0 
 5053  0 
 5054  0 
 5055  0 
 5056  0 
 5057  0 
 5058  0 
 5059  0 
 5060  1 
 5061  1 
 5062  0 
 5063  2 
 5064  0 
 5065  0 
 5066  0 
 5067  0 
 5068  0 
 5069  0 
 5070  0 
 5071  0 
 5072  0 
 5073  1 
 5074  0 
 5075  0 
 5076  0 
 5077  0 
 5078  0 
 5079  0 
 5080  0 
 5081  0 
 5082  0 
 5083  0 
 5084  0 
 5085  0 
 5086  0 
 5087  0 
 5088  0 
 5089  0 
 5090  0 
 5091  0 
 5092  1 
 5093  1 
 5094  0 
 5095  0 
 5096  0 
 5097  0 
 5098  1 
 5099  0 
 5100  0 
 5101  0 
 5102  0 
 5103  0 
 5104  1 
 5105  0 
 5106  0 
 5107  0 
 5108  0 
 5109  0 
 5110  0 
 5111  0 
 5112  0 
 5113  0 
 5114  0 
 5115  0 
 5116  1 
 5117  0 
 5118  0 
 5119  0 
 5120  0 
 5121  0 
 5122  1 
 5123  0 
 5124  1 
 5125  0 
 5126  0 
 5127  0 
 5128  0 
 5129  0 
 5130  1 
 5131  0 
 5132  0 
 5133  0 
 5134  0 
 5135  0 
 5136  0 
 5137  0 
 5138  0 
 5139  0 
 5140  0 
 5141  0 
 5142  0 
 5143  0 
 5144  0 
 5145  0 
 5146  0 
 5147  1 
 5148  0 
 5149  0 
 5150  0 
 5151  0 
 5152  0 
 5153  0 
 5154  1 
 5155  0 
 5156  0 
 5157  0 
 5158  0 
 5159  0 
 5160  0 
 5161  1 
 5162  0 
 5163  0 
 5164  0 
 5165  0 
 5166  1 
 5167  0 
 5168  0 
 5169  0 
 5170  0 
 5171  0 
 5172  1 
 5173  0 
 5174  0 
 5175  0 
 5176  0 
 5177  0 
 5178  0 
 5179  0 
 5180  1 
 5181  0 
 5182  1 
 5183  0 
 5184  0 
 5185  0 
 5186  0 
 5187  1 
 5188  0 
 5189  0 
 5190  0 
 5191  0 
 5192  0 
 5193  0 
 5194  0 
 5195  0 
 5196  0 
 5197  0 
 5198  0 
 5199  2 
 5200  0 
 5201  0 
 5202  0 
 5203  2 
 5204  1 
 5205  0 
 5206  0 
 5207  0 
 5208  1 
 5209  0 
 5210  0 
 5211  0 
 5212  0 
 5213  0 
 5214  0 
 5215  0 
 5216  0 
 5217  0 
 5218  0 
 5219  0 
 5220  0 
 5221  1 
 5222  0 
 5223  0 
 5224  1 
 5225  0 
 5226  0 
 5227  0 
 5228  0 
 5229  0 
 5230  0 
 5231  1 
 5232  0 
 5233  1 
 5234  0 
 5235  0 
 5236  0 
 5237  3 
 5238  0 
 5239  0 
 5240  0 
 5241  0 
 5242  0 
 5243  0 
 5244  0 
 5245  1 
 5246  0 
 5247  0 
 5248  0 
 5249  0 
 5250  0 
 5251  0 
 5252  1 
 5253  1 
 5254  0 
 5255  0 
 5256  0 
 5257  0 
 5258  0 
 5259  0 
 5260  0 
 5261  0 
 5262  0 
 5263  0 
 5264  0 
 5265  0 
 5266  1 
 5267  0 
 5268  0 
 5269  0 
 5270  0 
 5271  0 
 5272  0 
 5273  0 
 5274  0 
 5275  0 
 5276  0 
 5277  0 
 5278  0 
 5279  0 
 5280  0 
 5281  0 
 5282  0 
 5283  0 
 5284  0 
 5285  0 
 5286  1 
 5287  0 
 5288  0 
 5289  0 
 5290  0 
 5291  0 
 5292  0 
 5293  1 
 5294  0 
 5295  0 
 5296  0 
 5297  0 
 5298  0 
 5299  0 
 5300  0 
 5301  2 
 5302  0 
 5303  0 
 5304  0 
 5305  0 
 5306  0 
 5307  0 
 5308  0 
 5309  0 
 5310  0 
 5311  0 
 5312  0 
 5313  0 
 5314  0 
 5315  0 
 5316  0 
 5317  0 
 5318  0 
 5319  1 
 5320  0 
 5321  0 
 5322  0 
 5323  0 
 5324  0 
 5325  0 
 5326  0 
 5327  0 
 5328  0 
 5329  0 
 5330  0 
 5331  0 
 5332  0 
 5333  0 
 5334  0 
 5335  1 
 5336  0 
 5337  0 
 5338  0 
 5339  0 
 5340  0 
 5341  0 
 5342  1 
 5343  0 
 5344  0 
 5345  0 
 5346  0 
 5347  0 
 5348  0 
 5349  0 
 5350  0 
 5351  0 
 5352  0 
 5353  0 
 5354  0 
 5355  0 
 5356  0 
 5357  0 
 5358  0 
 5359  0 
 5360  0 
 5361  0 
 5362  0 
 5363  0 
 5364  0 
 5365  0 
 5366  1 
 5367  0 
 5368  0 
 5369  0 
 5370  0 
 5371  0 
 5372  0 
 5373  0 
 5374  0 
 5375  0 
 5376  0 
 5377  0 
 5378  0 
 5379  0 
 5380  0 
 5381  0 
 5382  0 
 5383  0 
 5384  1 
 5385  0 
 5386  0 
 5387  0 
 5388  0 
 5389  0 
 5390  0 
 5391  0 
 5392  0 
 5393  0 
 5394  0 
 5395  0 
 5396  0 
 5397  0 
 5398  0 
 5399  0 
 5400  0 
 5401  0 
 5402  0 
 5403  0 
 5404  0 
 5405  0 
 5406  0 
 5407  0 
 5408  0 
 5409  0 
 5410  0 
 5411  0 
 5412  0 
 5413  0 
 5414  1 
 5415  0 
 5416  0 
 5417  0 
 5418  0 
 5419  0 
 5420  0 
 5421  0 
 5422  0 
 5423  0 
 5424  0 
 5425  0 
 5426  1 
 5427  0 
 5428  0 
 5429  0 
 5430  0 
 5431  0 
 5432  0 
 5433  0 
 5434  0 
 5435  0 
 5436  1 
 5437  0 
 5438  0 
 5439  0 
 5440  0 
 5441  0 
 5442  0 
 5443  0 
 5444  0 
 5445  0 
 5446  0 
 5447  0 
 5448  0 
 5449  0 
 5450  0 
 5451  0 
 5452  0 
 5453  0 
 5454  0 
 5455  0 
 5456  0 
 5457  0 
 5458  1 
 5459  0 
 5460  0 
 5461  0 
 5462  0 
 5463  0 
 5464  0 
 5465  0 
 5466  2 
 5467  0 
 5468  0 
 5469  0 
 5470  0 
 5471  0 
 5472  0 
 5473  0 
 5474  0 
 5475  0 
 5476  0 
 5477  0 
 5478  0 
 5479  0 
 5480  0 
 5481  0 
 5482  0 
 5483  0 
 5484  0 
 5485  0 
 5486  1 
 5487  0 
 5488  0 
 5489  0 
 5490  1 
 5491  0 
 5492  0 
 5493  0 
 5494  0 
 5495  0 
 5496  1 
 5497  0 
 5498  0 
 5499  0 
 5500  0 
 5501  0 
 5502  0 
 5503  0 
 5504  0 
 5505  0 
 5506  0 
 5507  0 
 5508  0 
 5509  0 
 5510  0 
 5511  0 
 5512  0 
 5513  0 
 5514  0 
 5515  0 
 5516  0 
 5517  0 
 5518  0 
 5519  0 
 5520  0 
 5521  0 
 5522  0 
 5523  0 
 5524  0 
 5525  0 
 5526  0 
 5527  0 
 5528  0 
 5529  0 
 5530  0 
 5531  0 
 5532  0 
 5533  0 
 5534  0 
 5535  1 
 5536  0 
 5537  0 
 5538  0 
 5539  0 
 5540  0 
 5541  0 
 5542  0 
 5543  0 
 5544  0 
 5545  1 
 5546  0 
 5547  0 
 5548  0 
 5549  0 
 5550  0 
 5551  0 
 5552  0 
 5553  0 
 5554  0 
 5555  1 
 5556  0 
 5557  0 
 5558  0 
 5559  0 
 5560  0 
 5561  0 
 5562  0 
 5563  0 
 5564  0 
 5565  0 
 5566  0 
 5567  1 
 5568  0 
 5569  0 
 5570  0 
 5571  0 
 5572  0 
 5573  1 
 5574  0 
 5575  0 
 5576  0 
 5577  0 
 5578  0 
 5579  0 
 5580  0 
 5581  0 
 5582  0 
 5583  0 
 5584  0 
 5585  0 
 5586  1 
 5587  0 
 5588  0 
 5589  0 
 5590  0 
 5591  0 
 5592  0 
 5593  0 
 5594  1 
 5595  0 
 5596  0 
 5597  1 
 5598  0 
 5599  1 
 5600  0 
 5601  0 
 5602  0 
 5603  0 
 5604  0 
 5605  0 
 5606  0 
 5607  0 
 5608  0 
 5609  1 
 5610  0 
 5611  0 
 5612  1 
 5613  1 
 5614  0 
 5615  0 
 5616  0 
 5617  0 
 5618  0 
 5619  1 
 5620  0 
 5621  0 
 5622  0 
 5623  0 
 5624  0 
 5625  0 
 5626  0 
 5627  0 
 5628  0 
 5629  0 
 5630  0 
 5631  0 
 5632  0 
 5633  0 
 5634  0 
 5635  0 
 5636  0 
 5637  0 
 5638  0 
 5639  0 
 5640  0 
 5641  0 
 5642  0 
 5643  0 
 5644  0 
 5645  0 
 5646  0 
 5647  0 
 5648  0 
 5649  1 
 5650  0 
 5651  0 
 5652  0 
 5653  0 
 5654  1 
 5655  0 
 5656  0 
 5657  0 
 5658  0 
 5659  0 
 5660  0 
 5661  0 
 5662  0 
 5663  0 
 5664  0 
 5665  0 
 5666  0 
 5667  0 
 5668  0 
 5669  0 
 5670  0 
 5671  0 
 5672  0 
 5673  0 
 5674  0 
 5675  0 
 5676  0 
 5677  0 
 5678  0 
 5679  0 
 5680  0 
 5681  0 
 5682  1 
 5683  0 
 5684  0 
 5685  0 
 5686  0 
 5687  0 
 5688  0 
 5689  0 
 5690  0 
 5691  1 
 5692  0 
 5693  0 
 5694  0 
 5695  0 
 5696  1 
 5697  0 
 5698  0 
 5699  0 
 5700  0 
 5701  0 
 5702  0 
 5703  0 
 5704  0 
 5705  0 
 5706  0 
 5707  0 
 5708  0 
 5709  1 
 5710  0 
 5711  0 
 5712  0 
 5713  0 
 5714  0 
 5715  0 
 5716  0 
 5717  0 
 5718  0 
 5719  1 
 5720  0 
 5721  0 
 5722  0 
 5723  1 
 5724  0 
 5725  1 
 5726  0 
 5727  1 
 5728  0 
 5729  0 
 5730  0 
 5731  0 
 5732  0 
 5733  0 
 5734  1 
 5735  0 
 5736  0 
 5737  1 
 5738  0 
 5739  0 
 5740  0 
 5741  0 
 5742  1 
 5743  0 
 5744  0 
 5745  0 
 5746  0 
 5747  0 
 5748  0 
 5749  1 
 5750  0 
 5751  0 
 5752  0 
 5753  0 
 5754  0 
 5755  0 
 5756  0 
 5757  0 
 5758  0 
 5759  0 
 5760  0 
 5761  0 
 5762  0 
 5763  0 
 5764  0 
 5765  0 
 5766  0 
 5767  0 
 5768  0 
 5769  1 
 5770  1 
 5771  0 
 5772  0 
 5773  0 
 5774  0 
 5775  0 
 5776  0 
 5777  0 
 5778  0 
 5779  0 
 5780  0 
 5781  0 
 5782  1 
 5783  0 
 5784  1 
 5785  0 
 5786  0 
 5787  0 
 5788  1 
 5789  0 
 5790  0 
 5791  0 
 5792  2 
 5793  0 
 5794  0 
 5795  0 
 5796  0 
 5797  1 
 5798  0 
 5799  0 
 5800  0 
 5801  0 
 5802  0 
 5803  0 
 5804  0 
 5805  1 
 5806  0 
 5807  0 
 5808  0 
 5809  0 
 5810  0 
 5811  0 
 5812  1 
 5813  0 
 5814  0 
 5815  0 
 5816  1 
 5817  0 
 5818  0 
 5819  0 
 5820  0 
 5821  0 
 5822  0 
 5823  0 
 5824  0 
 5825  0 
 5826  0 
 5827  0 
 5828  1 
 5829  0 
 5830  0 
 5831  0 
 5832  1 
 5833  0 
 5834  0 
 5835  1 
 5836  1 
 5837  0 
 5838  0 
 5839  0 
 5840  0 
 5841  0 
 5842  0 
 5843  0 
 5844  0 
 5845  0 
 5846  0 
 5847  0 
 5848  0 
 5849  0 
 5850  0 
 5851  0 
 5852  0 
 5853  0 
 5854  0 
 5855  0 
 5856  0 
 5857  1 
 5858  0 
 5859  0 
 5860  0 
 5861  0 
 5862  0 
 5863  0 
 5864  0 
 5865  1 
 5866  0 
 5867  1 
 5868  0 
 5869  0 
 5870  0 
 5871  0 
 5872  0 
 5873  0 
 5874  0 
 5875  0 
 5876  0 
 5877  0 
 5878  0 
 5879  0 
 5880  0 
 5881  0 
 5882  0 
 5883  0 
 5884  0 
 5885  0 
 5886  0 
 5887  0 
 5888  0 
 5889  0 
 5890  0 
 5891  0 
 5892  0 
 5893  1 
 5894  0 
 5895  0 
 5896  0 
 5897  0 
 5898  0 
 5899  0 
 5900  0 
 5901  0 
 5902  0 
 5903  0 
 5904  0 
 5905  0 
 5906  0 
 5907  0 
 5908  0 
 5909  0 
 5910  0 
 5911  0 
 5912  0 
 5913  0 
 5914  0 
 5915  0 
 5916  0 
 5917  0 
 5918  0 
 5919  0 
 5920  0 
 5921  0 
 5922  0 
 5923  0 
 5924  0 
 5925  0 
 5926  0 
 5927  0 
 5928  0 
 5929  1 
 5930  0 
 5931  0 
 5932  0 
 5933  0 
 5934  1 
 5935  0 
 5936  0 
 5937  0 
 5938  0 
 5939  0 
 5940  0 
 5941  0 
 5942  0 
 5943  0 
 5944  0 
 5945  0 
 5946  0 
 5947  0 
 5948  0 
 5949  0 
 5950  0 
 5951  0 
 5952  0 
 5953  0 
 5954  0 
 5955  0 
 5956  0 
 5957  0 
 5958  0 
 5959  0 
 5960  0 
 5961  0 
 5962  0 
 5963  0 
 5964  0 
 5965  0 
 5966  0 
 5967  0 
 5968  0 
 5969  0 
 5970  0 
 5971  0 
 5972  0 
 5973  0 
 5974  0 
 5975  0 
 5976  0 
 5977  0 
 5978  0 
 5979  0 
 5980  0 
 5981  0 
 5982  0 
 5983  0 
 5984  0 
 5985  0 
 5986  1 
 5987  0 
 5988  0 
 5989  0 
 5990  0 
 5991  0 
 5992  0 
 5993  0 
 5994  0 
 5995  0 
 5996  0 
 5997  0 
 5998  0 
 5999  0 
 6000  1 
 6001  0 
 6002  0 
 6003  0 
 6004  0 
 6005  0 
 6006  0 
 6007  0 
 6008  0 
 6009  1 
 6010  1 
 6011  0 
 6012  0 
 6013  0 
 6014  0 
 6015  0 
 6016  0 
 6017  1 
 6018  0 
 6019  0 
 6020  0 
 6021  0 
 6022  0 
 6023  0 
 6024  0 
 6025  0 
 6026  0 
 6027  0 
 6028  0 
 6029  0 
 6030  0 
 6031  0 
 6032  0 
 6033  0 
 6034  1 
 6035  0 
 6036  0 
 6037  0 
 6038  0 
 6039  0 
 6040  0 
 6041  0 
 6042  0 
 6043  0 
 6044  0 
 6045  0 
 6046  0 
 6047  0 
 6048  0 
 6049  0 
 6050  2 
 6051  0 
 6052  0 
 6053  0 
 6054  0 
 6055  1 
 6056  0 
 6057  0 
 6058  0 
 6059  0 
 6060  0 
 6061  0 
 6062  0 
 6063  0 
 6064  0 
 6065  1 
 6066  0 
 6067  0 
 6068  0 
 6069  0 
 6070  0 
 6071  0 
 6072  0 
 6073  1 
 6074  0 
 6075  0 
 6076  0 
 6077  0 
 6078  0 
 6079  0 
 6080  0 
 6081  0 
 6082  0 
 6083  0 
 6084  0 
 6085  0 
 6086  1 
 6087  1 
 6088  0 
 6089  0 
 6090  0 
 6091  0 
 6092  0 
 6093  0 
 6094  0 
 6095  0 
 6096  0 
 6097  0 
 6098  0 
 6099  0 
 6100  0 
 6101  0 
 6102  0 
 6103  0 
 6104  1 
 6105  0 
 6106  1 
 6107  0 
 6108  0 
 6109  0 
 6110  0 
 6111  0 
 6112  0 
 6113  0 
 6114  0 
 6115  0 
 6116  0 
 6117  0 
 6118  0 
 6119  0 
 6120  0 
 6121  0 
 6122  0 
 6123  0 
 6124  0 
 6125  0 
 6126  0 
 6127  0 
 6128  0 
 6129  1 
 6130  0 
 6131  0 
 6132  0 
 6133  0 
 6134  0 
 6135  2 
 6136  0 
 6137  0 
 6138  0 
 6139  0 
 6140  0 
 6141  0 
 6142  0 
 6143  0 
 6144  0 
 6145  0 
 6146  0 
 6147  0 
 6148  0 
 6149  0 
 6150  0 
 6151  0 
 6152  0 
 6153  0 
 6154  0 
 6155  0 
 6156  0 
 6157  0 
 6158  0 
 6159  1 
 6160  0 
 6161  0 
 6162  0 
 6163  0 
 6164  0 
 6165  0 
 6166  0 
 6167  0 
 6168  0 
 6169  2 
 6170  0 
 6171  0 
 6172  0 
 6173  0 
 6174  1 
 6175  0 
 6176  0 
 6177  0 
 6178  0 
 6179  0 
 6180  0 
 6181  0 
 6182  0 
 6183  0 
 6184  0 
 6185  0 
 6186  0 
 6187  0 
 6188  0 
 6189  0 
 6190  0 
 6191  0 
 6192  0 
 6193  0 
 6194  0 
 6195  1 
 6196  0 
 6197  1 
 6198  0 
 6199  0 
 6200  0 
 6201  0 
 6202  0 
 6203  1 
 6204  0 
 6205  0 
 6206  0 
 6207  0 
 6208  0 
 6209  0 
 6210  1 
 6211  1 
 6212  0 
 6213  0 
 6214  1 
 6215  0 
 6216  0 
 6217  0 
 6218  0 
 6219  0 
 6220  0 
 6221  0 
 6222  0 
 6223  0 
 6224  0 
 6225  0 
 6226  0 
 6227  0 
 6228  0 
 6229  0 
 6230  0 
 6231  0 
 6232  0 
 6233  0 
 6234  0 
 6235  0 
 6236  0 
 6237  0 
 6238  0 
 6239  1 
 6240  0 
 6241  0 
 6242  0 
 6243  0 
 6244  0 
 6245  0 
 6246  0 
 6247  1 
 6248  1 
 6249  0 
 6250  0 
 6251  0 
 6252  0 
 6253  1 
 6254  0 
 6255  0 
 6256  0 
 6257  0 
 6258  1 
 6259  0 
 6260  0 
 6261  0 
 6262  0 
 6263  0 
 6264  0 
 6265  0 
 6266  0 
 6267  0 
 6268  0 
 6269  0 
 6270  0 
 6271  0 
 6272  1 
 6273  0 
 6274  0 
 6275  0 
 6276  0 
 6277  0 
 6278  1 
 6279  0 
 6280  0 
 6281  0 
 6282  0 
 6283  0 
 6284  0 
 6285  0 
 6286  0 
 6287  0 
 6288  0 
 6289  0 
 6290  0 
 6291  0 
 6292  0 
 6293  0 
 6294  0 
 6295  0 
 6296  0 
 6297  0 
 6298  0 
 6299  0 
 6300  0 
 6301  0 
 6302  0 
 6303  1 
 6304  1 
 6305  0 
 6306  0 
 6307  0 
 6308  0 
 6309  0 
 6310  0 
 6311  0 
 6312  0 
 6313  1 
 6314  0 
 6315  0 
 6316  0 
 6317  0 
 6318  0 
 6319  0 
 6320  0 
 6321  0 
 6322  0 
 6323  0 
 6324  0 
 6325  0 
 6326  0 
 6327  0 
 6328  0 
 6329  0 
 6330  0 
 6331  1 
 6332  0 
 6333  0 
 6334  0 
 6335  0 
 6336  1 
 6337  0 
 6338  1 
 6339  0 
 6340  0 
 6341  0 
 6342  0 
 6343  0 
 6344  0 
 6345  0 
 6346  0 
 6347  0 
 6348  0 
 6349  0 
 6350  0 
 6351  0 
 6352  0 
 6353  0 
 6354  0 
 6355  0 
 6356  0 
 6357  0 
 6358  0 
 6359  1 
 6360  0 
 6361  0 
 6362  0 
 6363  1 
 6364  0 
 6365  0 
 6366  0 
 6367  0 
 6368  0 
 6369  0 
 6370  1 
 6371  0 
 6372  0 
 6373  0 
 6374  0 
 6375  1 
 6376  0 
 6377  0 
 6378  0 
 6379  0 
 6380  0 
 6381  0 
 6382  0 
 6383  0 
 6384  0 
 6385  0 
 6386  0 
 6387  1 
 6388  1 
 6389  0 
 6390  0 
 6391  0 
 6392  1 
 6393  0 
 6394  0 
 6395  0 
 6396  1 
 6397  0 
 6398  0 
 6399  0 
 6400  0 
 6401  0 
 6402  0 
 6403  0 
 6404  0 
 6405  0 
 6406  0 
 6407  1 
 6408  1 
 6409  0 
 6410  0 
 6411  1 
 6412  0 
 6413  0 
 6414  0 
 6415  0 
 6416  0 
 6417  0 
 6418  0 
 6419  1 
 6420  0 
 6421  0 
 6422  0 
 6423  0 
 6424  0 
 6425  0 
 6426  0 
 6427  0 
 6428  0 
 6429  0 
 6430  0 
 6431  0 
 6432  0 
 6433  0 
 6434  1 
 6435  0 
 6436  0 
 6437  0 
 6438  0 
 6439  0 
 6440  0 
 6441  0 
 6442  0 
 6443  0 
 6444  0 
 6445  0 
 6446  0 
 6447  0 
 6448  0 
 6449  0 
 6450  1 
 6451  0 
 6452  0 
 6453  0 
 6454  0 
 6455  0 
 6456  0 
 6457  0 
 6458  0 
 6459  0 
 6460  0 
 6461  0 
 6462  0 
 6463  0 
 6464  0 
 6465  0 
 6466  1 
 6467  0 
 6468  0 
 6469  0 
 6470  0 
 6471  1 
 6472  0 
 6473  0 
 6474  0 
 6475  0 
 6476  1 
 6477  0 
 6478  0 
 6479  0 
 6480  0 
 6481  0 
 6482  1 
 6483  1 
 6484  0 
 6485  0 
 6486  0 
 6487  0 
 6488  0 
 6489  0 
 6490  0 
 6491  0 
 6492  0 
 6493  0 
 6494  0 
 6495  0 
 6496  0 
 6497  1 
 6498  0 
 6499  0 
 6500  0 
 6501  0 
 6502  0 
 6503  0 
 6504  0 
 6505  0 
 6506  0 
 6507  0 
 6508  0 
 6509  0 
 6510  0 
 6511  0 
 6512  0 
 6513  0 
 6514  0 
 6515  0 
 6516  0 
 6517  0 
 6518  0 
 6519  0 
 6520  0 
 6521  0 
 6522  0 
 6523  0 
 6524  0 
 6525  1 
 6526  0 
 6527  0 
 6528  0 
 6529  0 
 6530  0 
 6531  0 
 6532  1 
 6533  0 
 6534  0 
 6535  0 
 6536  0 
 6537  0 
 6538  1 
 6539  0 
 6540  0 
 6541  0 
 6542  0 
 6543  1 
 6544  0 
 6545  0 
 6546  0 
 6547  0 
 6548  0 
 6549  0 
 6550  0 
 6551  0 
 6552  0 
 6553  0 
 6554  1 
 6555  0 
 6556  0 
 6557  0 
 6558  2 
 6559  0 
 6560  0 
 6561  1 
 6562  0 
 6563  0 
 6564  1 
 6565  0 
 6566  1 
 6567  0 
 6568  0 
 6569  0 
 6570  0 
 6571  0 
 6572  0 
 6573  0 
 6574  0 
 6575  0 
 6576  0 
 6577  0 
 6578  0 
 6579  0 
 6580  0 
 6581  0 
 6582  0 
 6583  0 
 6584  0 
 6585  1 
 6586  0 
 6587  0 
 6588  0 
 6589  0 
 6590  1 
 6591  0 
 6592  0 
 6593  0 
 6594  0 
 6595  0 
 6596  0 
 6597  0 
 6598  0 
 6599  0 
 6600  0 
 6601  1 
 6602  0 
 6603  0 
 6604  0 
 6605  0 
 6606  0 
 6607  0 
 6608  0 
 6609  0 
 6610  0 
 6611  0 
 6612  2 
 6613  0 
 6614  0 
 6615  0 
 6616  0 
 6617  0 
 6618  0 
 6619  0 
 6620  0 
 6621  0 
 6622  0 
 6623  1 
 6624  1 
 6625  0 
 6626  0 
 6627  1 
 6628  1 
 6629  0 
 6630  1 
 6631  0 
 6632  0 
 6633  0 
 6634  1 
 6635  0 
 6636  0 
 6637  0 
 6638  0 
 6639  0 
 6640  0 
 6641  0 
 6642  0 
 6643  1 
 6644  1 
 6645  0 
 6646  1 
 6647  0 
 6648  0 
 6649  0 
 6650  0 
 6651  1 
 6652  0 
 6653  0 
 6654  0 
 6655  1 
 6656  0 
 6657  0 
 6658  0 
 6659  0 
 6660  0 
 6661  0 
 6662  0 
 6663  0 
 6664  0 
 6665  0 
 6666  0 
 6667  0 
 6668  0 
 6669  0 
 6670  0 
 6671  0 
 6672  0 
 6673  0 
 6674  0 
 6675  1 
 6676  0 
 6677  0 
 6678  0 
 6679  0 
 6680  0 
 6681  1 
 6682  0 
 6683  1 
 6684  0 
 6685  0 
 6686  0 
 6687  0 
 6688  0 
 6689  0 
 6690  0 
 6691  0 
 6692  0 
 6693  0 
 6694  0 
 6695  0 
 6696  1 
 6697  0 
 6698  0 
 6699  0 
 6700  0 
 6701  0 
 6702  0 
 6703  1 
 6704  0 
 6705  0 
 6706  1 
 6707  0 
 6708  0 
 6709  0 
 6710  0 
 6711  0 
 6712  0 
 6713  0 
 6714  0 
 6715  0 
 6716  0 
 6717  0 
 6718  1 
 6719  0 
 6720  0 
 6721  0 
 6722  0 
 6723  2 
 6724  0 
 6725  0 
 6726  0 
 6727  0 
 6728  0 
 6729  0 
 6730  0 
 6731  0 
 6732  0 
 6733  0 
 6734  0 
 6735  0 
 6736  0 
 6737  0 
 6738  0 
 6739  0 
 6740  1 
 6741  1 
 6742  0 
 6743  0 
 6744  2 
 6745  0 
 6746  0 
 6747  0 
 6748  0 
 6749  1 
 6750  0 
 6751  0 
 6752  0 
 6753  0 
 6754  0 
 6755  0 
 6756  0 
 6757  0 
 6758  0 
 6759  0 
 6760  0 
 6761  0 
 6762  0 
 6763  0 
 6764  0 
 6765  0 
 6766  0 
 6767  0 
 6768  0 
 6769  0 
 6770  0 
 6771  0 
 6772  0 
 6773  0 
 6774  0 
 6775  0 
 6776  1 
 6777  0 
 6778  1 
 6779  0 
 6780  0 
 6781  0 
 6782  0 
 6783  0 
 6784  1 
 6785  0 
 6786  0 
 6787  0 
 6788  0 
 6789  0 
 6790  0 
 6791  0 
 6792  0 
 6793  0 
 6794  0 
 6795  0 
 6796  0 
 6797  0 
 6798  0 
 6799  0 
 6800  0 
 6801  0 
 6802  0 
 6803  1 
 6804  1 
 6805  0 
 6806  0 
 6807  1 
 6808  0 
 6809  0 
 6810  0 
 6811  0 
 6812  0 
 6813  0 
 6814  0 
 6815  0 
 6816  0 
 6817  0 
 6818  1 
 6819  0 
 6820  0 
 6821  0 
 6822  0 
 6823  1 
 6824  0 
 6825  0 
 6826  0 
 6827  0 
 6828  0 
 6829  0 
 6830  0 
 6831  1 
 6832  0 
 6833  0 
 6834  0 
 6835  0 
 6836  0 
 6837  0 
 6838  0 
 6839  0 
 6840  1 
 6841  2 
 6842  1 
 6843  0 
 6844  1 
 6845  0 
 6846  0 
 6847  1 
 6848  0 
 6849  0 
 6850  0 
 6851  0 
 6852  0 
 6853  1 
 6854  0 
 6855  1 
 6856  0 
 6857  0 
 6858  0 
 6859  1 
 6860  0 
 6861  0 
 6862  0 
 6863  0 
 6864  0 
 6865  1 
 6866  1 
 6867  0 
 6868  0 
 6869  0 
 6870  0 
 6871  0 
 6872  1 
 6873  0 
 6874  1 
 6875  1 
 6876  0 
 6877  0 
 6878  1 
 6879  0 
 6880  0 
 6881  0 
 6882  1 
 6883  0 
 6884  1 
 6885  1 
 6886  0 
 6887  0 
 6888  0 
 6889  0 
 6890  0 
 6891  1 
 6892  0 
 6893  0 
 6894  0 
 6895  0 
 6896  2 
 6897  0 
 6898  0 
 6899  0 
 6900  1 
 6901  0 
 6902  0 
 6903  0 
 6904  1 
 6905  0 
 6906  1 
 6907  0 
 6908  0 
 6909  0 
 6910  1 
 6911  0 
 6912  0 
 6913  0 
 6914  1 
 6915  0 
 6916  0 
 6917  0 
 6918  0 
 6919  0 
 6920  0 
 6921  1 
 6922  0 
 6923  0 
 6924  0 
 6925  0 
 6926  0 
 6927  0 
 6928  0 
 6929  0 
 6930  0 
 6931  0 
 6932  0 
 6933  0 
 6934  0 
 6935  0 
 6936  0 
 6937  0 
 6938  0 
 6939  0 
 6940  0 
 6941  0 
 6942  0 
 6943  0 
 6944  0 
 6945  0 
 6946  0 
 6947  1 
 6948  0 
 6949  1 
 6950  0 
 6951  0 
 6952  1 
 6953  0 
 6954  1 
 6955  0 
 6956  0 
 6957  0 
 6958  0 
 6959  0 
 6960  0 
 6961  0 
 6962  0 
 6963  2 
 6964  0 
 6965  0 
 6966  0 
 6967  0 
 6968  0 
 6969  0 
 6970  0 
 6971  0 
 6972  1 
 6973  0 
 6974  0 
 6975  0 
 6976  0 
 6977  0 
 6978  0 
 6979  1 
 6980  0 
 6981  1 
 6982  0 
 6983  0 
 6984  0 
 6985  0 
 6986  0 
 6987  0 
 6988  0 
 6989  0 
 6990  0 
 6991  0 
 6992  0 
 6993  0 
 6994  0 
 6995  0 
 6996  0 
 6997  0 
 6998  0 
 6999  0 
 7000  0 
 7001  1 
 7002  0 
 7003  0 
 7004  0 
 7005  0 
 7006  0 
 7007  0 
 7008  0 
 7009  1 
 7010  0 
 7011  0 
 7012  0 
 7013  0 
 7014  1 
 7015  0 
 7016  0 
 7017  0 
 7018  1 
 7019  0 
 7020  0 
 7021  0 
 7022  0 
 7023  0 
 7024  0 
 7025  1 
 7026  0 
 7027  0 
 7028  1 
 7029  1 
 7030  0 
 7031  0 
 7032  0 
 7033  0 
 7034  1 
 7035  0 
 7036  0 
 7037  0 
 7038  0 
 7039  0 
 7040  0 
 7041  1 
 7042  0 
 7043  0 
 7044  0 
 7045  0 
 7046  0 
 7047  0 
 7048  0 
 7049  0 
 7050  1 
 7051  0 
 7052  0 
 7053  0 
 7054  0 
 7055  0 
 7056  0 
 7057  0 
 7058  0 
 7059  0 
 7060  0 
 7061  0 
 7062  0 
 7063  0 
 7064  0 
 7065  0 
 7066  0 
 7067  0 
 7068  1 
 7069  0 
 7070  0 
 7071  0 
 7072  0 
 7073  1 
 7074  0 
 7075  0 
 7076  0 
 7077  0 
 7078  0 
 7079  0 
 7080  0 
 7081  0 
 7082  0 
 7083  0 
 7084  0 
 7085  0 
 7086  0 
 7087  0 
 7088  1 
 7089  0 
 7090  0 
 7091  0 
 7092  0 
 7093  0 
 7094  1 
 7095  0 
 7096  1 
 7097  0 
 7098  0 
 7099  0 
 7100  0 
 7101  0 
 7102  0 
 7103  0 
 7104  0 
 7105  0 
 7106  0 
 7107  0 
 7108  0 
 7109  0 
 7110  0 
 7111  0 
 7112  0 
 7113  1 
 7114  0 
 7115  0 
 7116  0 
 7117  0 
 7118  1 
 7119  0 
 7120  1 
 7121  0 
 7122  0 
 7123  0 
 7124  0 
 7125  0 
 7126  1 
 7127  0 
 7128  0 
 7129  0 
 7130  0 
 7131  1 
 7132  0 
 7133  0 
 7134  0 
 7135  0 
 7136  0 
 7137  0 
 7138  0 
 7139  2 
 7140  0 
 7141  0 
 7142  0 
 7143  0 
 7144  0 
 7145  0 
 7146  0 
 7147  0 
 7148  0 
 7149  0 
 7150  1 
 7151  1 
 7152  0 
 7153  0 
 7154  1 
 7155  2 
 7156  1 
 7157  0 
 7158  0 
 7159  0 
 7160  0 
 7161  1 
 7162  0 
 7163  0 
 7164  0 
 7165  0 
 7166  0 
 7167  1 
 7168  0 
 7169  0 
 7170  0 
 7171  0 
 7172  0 
 7173  0 
 7174  0 
 7175  0 
 7176  0 
 7177  1 
 7178  0 
 7179  1 
 7180  0 
 7181  0 
 7182  0 
 7183  0 
 7184  0 
 7185  0 
 7186  0 
 7187  0 
 7188  1 
 7189  0 
 7190  0 
 7191  0 
 7192  0 
 7193  0 
 7194  0 
 7195  0 
 7196  0 
 7197  0 
 7198  0 
 7199  1 
 7200  0 
 7201  1 
 7202  0 
 7203  0 
 7204  0 
 7205  0 
 7206  0 
 7207  1 
 7208  0 
 7209  0 
 7210  0 
 7211  0 
 7212  1 
 7213  1 
 7214  0 
 7215  0 
 7216  0 
 7217  0 
 7218  1 
 7219  0 
 7220  0 
 7221  0 
 7222  1 
 7223  0 
 7224  0 
 7225  0 
 7226  0 
 7227  0 
 7228  0 
 7229  0 
 7230  1 
 7231  0 
 7232  0 
 7233  1 
 7234  0 
 7235  0 
 7236  0 
 7237  0 
 7238  0 
 7239  0 
 7240  0 
 7241  2 
 7242  1 
 7243  1 
 7244  0 
 7245  1 
 7246  0 
 7247  1 
 7248  0 
 7249  1 
 7250  0 
 7251  0 
 7252  0 
 7253  0 
 7254  0 
 7255  0 
 7256  0 
 7257  0 
 7258  0 
 7259  1 
 7260  0 
 7261  0 
 7262  0 
 7263  0 
 7264  0 
 7265  0 
 7266  0 
 7267  1 
 7268  0 
 7269  2 
 7270  0 
 7271  0 
 7272  0 
 7273  0 
 7274  0 
 7275  0 
 7276  0 
 7277  0 
 7278  0 
 7279  0 
 7280  0 
 7281  0 
 7282  0 
 7283  0 
 7284  1 
 7285  0 
 7286  1 
 7287  0 
 7288  0 
 7289  1 
 7290  0 
 7291  0 
 7292  0 
 7293  1 
 7294  0 
 7295  1 
 7296  1 
 7297  0 
 7298  0 
 7299  2 
 7300  1 
 7301  0 
 7302  0 
 7303  0 
 7304  0 
 7305  0 
 7306  0 
 7307  1 
 7308  1 
 7309  0 
 7310  0 
 7311  0 
 7312  0 
 7313  1 
 7314  0 
 7315  0 
 7316  0 
 7317  0 
 7318  0 
 7319  0 
 7320  0 
 7321  0 
 7322  1 
 7323  0 
 7324  0 
 7325  0 
 7326  0 
 7327  0 
 7328  0 
 7329  0 
 7330  0 
 7331  2 
 7332  0 
 7333  1 
 7334  0 
 7335  1 
 7336  0 
 7337  0 
 7338  0 
 7339  2 
 7340  0 
 7341  1 
 7342  0 
 7343  0 
 7344  2 
 7345  1 
 7346  1 
 7347  0 
 7348  1 
 7349  1 
 7350  1 
 7351  1 
 7352  0 
 7353  0 
 7354  1 
 7355  0 
 7356  1 
 7357  0 
 7358  1 
 7359  0 
 7360  0 
 7361  1 
 7362  0 
 7363  1 
 7364  0 
 7365  0 
 7366  0 
 7367  1 
 7368  0 
 7369  1 
 7370  0 
 7371  0 
 7372  1 
 7373  1 
 7374  1 
 7375  2 
 7376  2 
 7377  1 
 7378  1 
 7379  0 
 7380  0 
 7381  1 
 7382  1 
 7383  1 
 7384  0 
 7385  0 
 7386  1 
 7387  0 
 7388  0 
 7389  0 
 7390  2 
 7391  1 
 7392  0 
 7393  0 
 7394  1 
 7395  0 
 7396  1 
 7397  0 
 7398  0 
 7399  0 
 7400  0 
 7401  1 
 7402  0 
 7403  0 
 7404  0 
 7405  0 
 7406  0 
 7407  1 
 7408  3 
 7409  1 
 7410  0 
 7411  0 
 7412  0 
 7413  1 
 7414  0 
 7415  0 
 7416  0 
 7417  0 
 7418  0 
 7419  0 
 7420  0 
 7421  1 
 7422  1 
 7423  3 
 7424  0 
 7425  0 
 7426  0 
 7427  2 
 7428  0 
 7429  0 
 7430  0 
 7431  3 
 7432  0 
 7433  1 
 7434  0 
 7435  1 
 7436  0 
 7437  0 
 7438  0 
 7439  2 
 7440  0 
 7441  2 
 7442  0 
 7443  1 
 7444  0 
 7445  0 
 7446  0 
 7447  0 
 7448  0 
 7449  0 
 7450  1 
 7451  0 
 7452  1 
 7453  0 
 7454  0 
 7455  1 
 7456  0 
 7457  0 
 7458  0 
 7459  0 
 7460  1 
 7461  0 
 7462  0 
 7463  0 
 7464  0 
 7465  0 
 7466  0 
 7467  0 
 7468  0 
 7469  0 
 7470  0 
 7471  0 
 7472  0 
 7473  0 
 7474  0 
 7475  0 
 7476  0 
 7477  0 
 7478  0 
 7479  0 
 7480  0 
 7481  0 
 7482  0 
 7483  0 
 7484  0 
 7485  0 
 7486  0 
 7487  0 
 7488  0 
 7489  0 
 7490  0 
 7491  0 
 7492  0 
 7493  0 
 7494  0 
 7495  0 
 7496  0 
 7497  0 
 7498  0 
 7499  0 
 7500  0 
 7501  0 
 7502  0 
 7503  0 
 7504  0 
 7505  0 
 7506  0 
 7507  0 
 7508  0 
 7509  0 
 7510  0 
 7511  0 
 7512  0 
 7513  0 
 7514  0 
 7515  0 
 7516  0 
 7517  0 
 7518  0 
 7519  0 
 7520  0 
 7521  0 
 7522  0 
 7523  0 
 7524  0 
 7525  0 
 7526  0 
 7527  0 
 7528  0 
 7529  0 
 7530  0 
 7531  0 
 7532  0 
 7533  0 
 7534  0 
 7535  0 
 7536  0 
 7537  0 
 7538  0 
 7539  0 
 7540  0 
 7541  0 
 7542  0 
 7543  0 
 7544  0 
 7545  0 
 7546  0 
 7547  0 
 7548  0 
 7549  0 
 7550  0 
 7551  0 
 7552  0 
 7553  0 
 7554  0 
 7555  0 
 7556  0 
 7557  0 
 7558  0 
 7559  0 
 7560  0 
 7561  0 
 7562  0 
 7563  0 
 7564  0 
 7565  0 
 7566  0 
 7567  0 
 7568  0 
 7569  0 
 7570  0 
 7571  0 
 7572  0 
 7573  0 
 7574  0 
 7575  0 
 7576  0 
 7577  0 
 7578  0 
 7579  0 
 7580  0 
 7581  0 
 7582  0 
 7583  0 
 7584  0 
 7585  0 
 7586  0 
 7587  0 
 7588  0 
 7589  0 
 7590  0 
 7591  0 
 7592  0 
 7593  0 
 7594  0 
 7595  0 
 7596  0 
 7597  0 
 7598  0 
 7599  0 
 7600  0 
 7601  0 
 7602  0 
 7603  0 
 7604  0 
 7605  0 
 7606  0 
 7607  0 
 7608  0 
 7609  0 
 7610  0 
 7611  0 
 7612  0 
 7613  0 
 7614  0 
 7615  0 
 7616  0 
 7617  0 
 7618  0 
 7619  0 
 7620  0 
 7621  0 
 7622  0 
 7623  0 
 7624  0 
 7625  0 
 7626  0 
 7627  0 
 7628  0 
 7629  0 
 7630  0 
 7631  0 
 7632  0 
 7633  0 
 7634  0 
 7635  0 
 7636  0 
 7637  0 
 7638  0 
 7639  0 
 7640  0 
 7641  0 
 7642  0 
 7643  0 
 7644  0 
 7645  0 
 7646  0 
 7647  0 
 7648  0 
 7649  0 
 7650  0 
 7651  0 
 7652  0 
 7653  0 
 7654  0 
 7655  0 
 7656  0 
 7657  0 
 7658  0 
 7659  0 
 7660  0 
 7661  0 
 7662  0 
 7663  0 
 7664  0 
 7665  0 
 7666  0 
 7667  0 
 7668  0 
 7669  0 
 7670  0 
 7671  0 
 7672  0 
 7673  0 
 7674  0 
 7675  0 
 7676  0 
 7677  0 
 7678  0 
 7679  0 
 7680  0 
 7681  0 
 7682  0 
 7683  0 
 7684  0 
 7685  0 
 7686  0 
 7687  0 
 7688  0 
 7689  0 
 7690  0 
 7691  0 
 7692  0 
 7693  0 
 7694  0 
 7695  0 
 7696  0 
 7697  0 
 7698  0 
 7699  0 
 7700  0 
 7701  0 
 7702  0 
 7703  0 
 7704  0 
 7705  0 
 7706  0 
 7707  0 
 7708  0 
 7709  0 
 7710  0 
 7711  0 
 7712  0 
 7713  0 
 7714  0 
 7715  0 
 7716  0 
 7717  0 
 7718  0 
 7719  0 
 7720  0 
 7721  0 
 7722  0 
 7723  0 
 7724  0 
 7725  0 
 7726  0 
 7727  0 
 7728  0 
 7729  0 
 7730  0 
 7731  0 
 7732  0 
 7733  0 
 7734  0 
 7735  0 
 7736  0 
 7737  0 
 7738  0 
 7739  0 
 7740  0 
 7741  0 
 7742  0 
 7743  0 
 7744  0 
 7745  0 
 7746  0 
 7747  0 
 7748  0 
 7749  0 
 7750  0 
 7751  0 
 7752  0 
 7753  0 
 7754  0 
 7755  0 
 7756  0 
 7757  0 
 7758  0 
 7759  0 
 7760  0 
 7761  0 
 7762  0 
 7763  0 
 7764  0 
 7765  0 
 7766  0 
 7767  0 
 7768  0 
 7769  0 
 7770  0 
 7771  0 
 7772  0 
 7773  0 
 7774  0 
 7775  0 
 7776  0 
 7777  0 
 7778  0 
 7779  0 
 7780  0 
 7781  0 
 7782  0 
 7783  0 
 7784  0 
 7785  0 
 7786  0 
 7787  0 
 7788  0 
 7789  0 
 7790  0 
 7791  0 
 7792  0 
 7793  0 
 7794  0 
 7795  0 
 7796  0 
 7797  0 
 7798  0 
 7799  0 
 7800  0 
 7801  0 
 7802  0 
 7803  0 
 7804  0 
 7805  0 
 7806  0 
 7807  0 
 7808  0 
 7809  0 
 7810  0 
 7811  0 
 7812  0 
 7813  0 
 7814  0 
 7815  0 
 7816  0 
 7817  0 
 7818  0 
 7819  0 
 7820  0 
 7821  0 
 7822  0 
 7823  0 
 7824  0 
 7825  0 
 7826  0 
 7827  0 
 7828  0 
 7829  0 
 7830  0 
 7831  0 
 7832  0 
 7833  0 
 7834  0 
 7835  0 
 7836  0 
 7837  0 
 7838  0 
 7839  0 
 7840  0 
 7841  0 
 7842  0 
 7843  0 
 7844  0 
 7845  0 
 7846  0 
 7847  0 
 7848  0 
 7849  0 
 7850  0 
 7851  0 
 7852  0 
 7853  0 
 7854  0 
 7855  0 
 7856  0 
 7857  0 
 7858  0 
 7859  0 
 7860  0 
 7861  0 
 7862  0 
 7863  0 
 7864  0 
 7865  0 
 7866  0 
 7867  0 
 7868  0 
 7869  0 
 7870  0 
 7871  0 
 7872  0 
 7873  0 
 7874  0 
 7875  0 
 7876  0 
 7877  0 
 7878  0 
 7879  0 
 7880  0 
 7881  0 
 7882  0 
 7883  0 
 7884  0 
 7885  0 
 7886  0 
 7887  0 
 7888  0 
 7889  0 
 7890  0 
 7891  0 
 7892  0 
 7893  0 
 7894  0 
 7895  0 
 7896  0 
 7897  0 
 7898  0 
 7899  0 
 7900  0 
 7901  0 
 7902  0 
 7903  0 
 7904  0 
 7905  0 
 7906  0 
 7907  0 
 7908  0 
 7909  0 
 7910  0 
 7911  0 
 7912  0 
 7913  0 
 7914  0 
 7915  0 
 7916  0 
 7917  0 
 7918  0 
 7919  0 
 7920  0 
 7921  0 
 7922  0 
 7923  0 
 7924  0 
 7925  0 
 7926  0 
 7927  0 
 7928  0 
 7929  0 
 7930  0 
 7931  0 
 7932  0 
 7933  0 
 7934  0 
 7935  0 
 7936  0 
 7937  0 
 7938  0 
 7939  0 
 7940  0 
 7941  0 
 7942  0 
 7943  0 
 7944  0 
 7945  0 
 7946  0 
 7947  0 
 7948  0 
 7949  0 
 7950  0 
 7951  0 
 7952  0 
 7953  0 
 7954  0 
 7955  0 
 7956  0 
 7957  0 
 7958  0 
 7959  0 
 7960  0 
 7961  0 
 7962  0 
 7963  0 
 7964  0 
 7965  0 
 7966  0 
 7967  0 
 7968  0 
 7969  0 
 7970  0 
 7971  0 
 7972  0 
 7973  0 
 7974  0 
 7975  0 
 7976  0 
 7977  0 
 7978  0 
 7979  0 
 7980  0 
 7981  0 
 7982  0 
 7983  0 
 7984  0 
 7985  0 
 7986  0 
 7987  0 
 7988  0 
 7989  0 
 7990  0 
 7991  0 
 7992  0 
 7993  0 
 7994  0 
 7995  0 
 7996  0 
 7997  0 
 7998  0 
 7999  0 
 8000  0 
 8001  0 
 8002  0 
 8003  0 
 8004  0 
 8005  0 
 8006  0 
 8007  0 
 8008  0 
 8009  0 
 8010  0 
 8011  0 
 8012  0 
 8013  0 
 8014  0 
 8015  0 
 8016  0 
 8017  0 
 8018  0 
 8019  0 
 8020  0 
 8021  0 
 8022  0 
 8023  0 
 8024  0 
 8025  0 
 8026  0 
 8027  0 
 8028  0 
 8029  0 
 8030  0 
 8031  0 
 8032  0 
 8033  0 
 8034  0 
 8035  0 
 8036  0 
 8037  0 
 8038  0 
 8039  0 
 8040  0 
 8041  0 
 8042  0 
 8043  0 
 8044  0 
 8045  0 
 8046  0 
 8047  0 
 8048  0 
 8049  0 
 8050  0 
 8051  0 
 8052  0 
 8053  0 
 8054  0 
 8055  0 
 8056  0 
 8057  0 
 8058  0 
 8059  0 
 8060  0 
 8061  0 
 8062  0 
 8063  0 
 8064  0 
 8065  0 
 8066  0 
 8067  0 
 8068  0 
 8069  0 
 8070  0 
 8071  0 
 8072  0 
 8073  0 
 8074  0 
 8075  0 
 8076  0 
 8077  0 
 8078  0 
 8079  0 
 8080  0 
 8081  0 
 8082  0 
 8083  0 
 8084  0 
 8085  0 
 8086  0 
 8087  0 
 8088  0 
 8089  0 
 8090  0 
 8091  0 
 8092  0 
 8093  0 
 8094  0 
 8095  0 
 8096  0 
 8097  0 
 8098  0 
 8099  0 
 8100  0 
 8101  0 
 8102  0 
 8103  0 
 8104  0 
 8105  0 
 8106  0 
 8107  0 
 8108  0 
 8109  0 
 8110  0 
 8111  0 
 8112  0 
 8113  0 
 8114  0 
 8115  0 
 8116  0 
 8117  0 
 8118  0 
 8119  0 
 8120  0 
 8121  0 
 8122  0 
 8123  0 
 8124  0 
 8125  0 
 8126  0 
 8127  0 
 8128  0 
 8129  0 
 8130  0 
 8131  0 
 8132  0 
 8133  0 
 8134  0 
 8135  0 
 8136  0 
 8137  0 
 8138  0 
 8139  0 
 8140  0 
 8141  0 
 8142  0 
 8143  0 
 8144  0 
 8145  0 
 8146  0 
 8147  0 
 8148  0 
 8149  0 
 8150  0 
 8151  0 
 8152  0 
 8153  0 
 8154  0 
 8155  0 
 8156  0 
 8157  0 
 8158  0 
 8159  0 
 8160  0 
 8161  0 
 8162  0 
 8163  0 
 8164  0 
 8165  0 
 8166  0 
 8167  0 
 8168  0 
 8169  0 
 8170  0 
 8171  0 
 8172  0 
 8173  0 
 8174  0 
 8175  0 
 8176  0 
 8177  0 
 8178  0 
 8179  0 
 8180  0 
 8181  0 
 8182  0 
 8183  0 
 8184  0 
 8185  0 
 8186  0 
 8187  0 
 8188  0 
 8189  0 
 8190  0 
 8191  0 
